0 0.385677 0.604167 0.0140625 0.0675926
2 0.183594 0.616667 0.0317708 0.0537037
3 0.735677 0.694444 0.0619792 0.0777778
9 0.683854 0.549074 0.0135417 0.0518519
0 0.418229 0.628241 0.01875 0.0953704
0 0.389062 0.628241 0.015625 0.087963
0 0.735677 0.663889 0.0380208 0.111111
3 0.294271 0.822685 0.20625 0.326852
0 0.494531 0.64537 0.0192708 0.103704
2 0.152083 0.621296 0.0541667 0.062963
0 0.479427 0.645833 0.0234375 0.117593
2 0.233594 0.618056 0.0338542 0.0435185
0 0.309635 0.753704 0.0744792 0.274074
