0 0.447917 0.640741 0.0166667 0.103704
9 0.440885 0.485185 0.0119792 0.05
0 0.394531 0.625463 0.0151042 0.0898148
0 0.379167 0.62963 0.0135417 0.0796296
3 0.677344 0.677315 0.0505208 0.0842593
0 0.315885 0.604167 0.0119792 0.0675926
0 0.43125 0.643981 0.01875 0.113889
0 0.48776 0.675463 0.0380208 0.137963
0 0.681771 0.661111 0.0229167 0.1
3 0.482292 0.714815 0.05 0.101852
2 0.103125 0.631481 0.05 0.0685185
0 0.761458 0.820833 0.06875 0.352778
2 0.20026 0.620833 0.0421875 0.0527778
0 0.903385 0.810648 0.0963542 0.373148
