0 0.433073 0.641204 0.0171875 0.113889
26 0.734375 0.715741 0.0291667 0.0722222
0 0.53776 0.675926 0.0255208 0.112963
2 0.255469 0.599074 0.0505208 0.0796296
9 0.0411458 0.224537 0.0822917 0.423148
0 0.709115 0.743981 0.0692708 0.302778
0 0.749219 0.744444 0.0692708 0.292593
0 0.58776 0.689815 0.0296875 0.144444
9 0.134115 0.333796 0.0776042 0.24537
9 0.858594 0.432407 0.0411458 0.125926
0 0.360156 0.780093 0.0651042 0.332407
0 0.294531 0.774537 0.0723958 0.337963
2 0.135677 0.651852 0.101562 0.101852
