9 0.608594 0.567593 0.0130208 0.0425926
0 0.528125 0.668056 0.0197917 0.100926
2 0.278646 0.602315 0.0427083 0.0824074
0 0.838542 0.631481 0.015625 0.0648148
0 0.564844 0.674074 0.0223958 0.107407
0 0.67474 0.697685 0.0317708 0.199074
9 0.278906 0.428704 0.0317708 0.151852
0 0.649219 0.699537 0.0328125 0.202778
0 0.377083 0.711111 0.0416667 0.212963
2 0.173698 0.623611 0.0682292 0.0675926
0 0.413281 0.709259 0.0348958 0.203704
9 0.82474 0.452778 0.0348958 0.112963
9 0.240365 0.416204 0.0567708 0.191667
2 0.0752604 0.703704 0.150521 0.17963
