0 0.388542 0.624074 0.0166667 0.0814815
0 0.539323 0.655093 0.0234375 0.0916667
0 0.39401 0.629167 0.0130208 0.0731481
0 0.433594 0.643981 0.0182292 0.0953704
9 0.619531 0.558333 0.00989583 0.0351852
9 0.932292 0.394444 0.0552083 0.157407
2 0.147396 0.59213 0.021875 0.0268519
0 0.417448 0.649537 0.0192708 0.10463
2 0.0367187 0.638426 0.0734375 0.100926
0 0.605208 0.743981 0.0416667 0.215741
0 0.685938 0.753241 0.0541667 0.241667
2 0.188021 0.62963 0.0625 0.0703704
0 0.945833 0.781482 0.107292 0.42963
