0 0.344271 0.601389 0.0135417 0.075
0 0.398698 0.619444 0.0182292 0.1
0 0.554167 0.656018 0.0114583 0.0638889
0 0.692187 0.657407 0.025 0.105556
9 0.446875 0.481481 0.0145833 0.0592593
2 0.159115 0.596296 0.0213542 0.0185185
3 0.686198 0.676389 0.0515625 0.0824074
0 0.38125 0.630556 0.0135417 0.0759259
9 0.645833 0.557407 0.0135417 0.05
0 0.486719 0.685648 0.0307292 0.141667
3 0.47474 0.728241 0.0557292 0.110185
0 0.438802 0.641667 0.0255208 0.107407
2 0.208333 0.619907 0.0395833 0.0509259
0 0.802865 0.823148 0.0807292 0.348148
0 0.964844 0.800463 0.0703125 0.387963
2 0.0914062 0.623611 0.100521 0.0824074
