0 0.534635 0.663426 0.0223958 0.10463
9 0.609115 0.567593 0.0161458 0.05
0 0.45651 0.634259 0.0182292 0.105556
0 0.851042 0.63287 0.0197917 0.0657407
0 0.890104 0.623611 0.0166667 0.0898148
0 0.657031 0.711574 0.0359375 0.208333
9 0.167969 0.37037 0.0609375 0.238889
2 0.182292 0.621296 0.0625 0.0685185
0 0.690885 0.723611 0.0453125 0.232407
0 0.570573 0.674074 0.0296875 0.131481
9 0.230208 0.401852 0.04375 0.188889
0 0.396354 0.731944 0.0427083 0.249074
0 0.346875 0.734259 0.059375 0.25
2 0.0908854 0.674074 0.181771 0.140741
