9 0.142188 0.413889 0.0604167 0.12963
0 0.455469 0.633333 0.0171875 0.107407
9 0.842188 0.440278 0.034375 0.115741
0 0.243229 0.615278 0.0125 0.0583333
26 0.660937 0.680093 0.03125 0.0953704
2 0.198698 0.625926 0.0307292 0.0555556
0 0.667448 0.706019 0.0432292 0.223148
9 0.152344 0.361111 0.0776042 0.240741
0 0.571354 0.680556 0.0333333 0.137037
0 0.390625 0.725926 0.0427083 0.277778
0 0.702344 0.729167 0.0432292 0.239815
9 0.216406 0.391667 0.0505208 0.192593
0 0.340625 0.739815 0.0552083 0.266667
2 0.102083 0.668981 0.179167 0.128704
