0 0.349479 0.605556 0.0166667 0.0814815
0 0.589063 0.659259 0.0135417 0.0648148
9 0.689323 0.548611 0.0151042 0.0490741
0 0.36901 0.598611 0.0171875 0.075
2 0.1875 0.625 0.025 0.05
2 0.281771 0.625926 0.0322917 0.0240741
3 0.745313 0.682407 0.0552083 0.103704
0 0.496615 0.646759 0.0203125 0.110185
0 0.743229 0.670833 0.0385417 0.115741
0 0.276563 0.785185 0.0833333 0.255556
0 0.388542 0.631481 0.015625 0.0833333
0 0.419271 0.623148 0.01875 0.105556
0 0.482031 0.648148 0.0192708 0.109259
3 0.240365 0.853241 0.206771 0.276852
2 0.155208 0.626389 0.05 0.0546296
2 0.235677 0.616667 0.0338542 0.0444444
