2 0.252865 0.603241 0.0453125 0.0712963
0 0.957812 0.628241 0.015625 0.0731481
9 0.189323 0.334722 0.0348958 0.102778
26 0.696875 0.706481 0.034375 0.116667
9 0.0247396 0.254167 0.0494792 0.339815
0 0.542448 0.676389 0.0286458 0.119444
0 0.444271 0.640278 0.015625 0.108333
0 0.43151 0.643056 0.0192708 0.113889
0 0.714583 0.745833 0.065625 0.308333
0 0.59349 0.693519 0.0328125 0.142593
9 0.109635 0.32037 0.0859375 0.257407
0 0.764063 0.762037 0.0760417 0.32037
9 0.86276 0.428241 0.0463542 0.130556
2 0.132031 0.651389 0.0734375 0.0972222
0 0.35026 0.780093 0.0651042 0.35463
0 0.279167 0.783796 0.08125 0.358333
