26 0.651302 0.672685 0.0286458 0.0935185
9 0.609635 0.568519 0.0151042 0.05
0 0.533594 0.663889 0.0223958 0.103704
0 0.457292 0.634722 0.0177083 0.106481
36 0.692448 0.821296 0.0338542 0.0296296
0 0.850521 0.633796 0.01875 0.0657407
2 0.16901 0.626389 0.0369792 0.0601852
0 0.657292 0.708796 0.0395833 0.215741
9 0.174219 0.37037 0.0630208 0.238889
0 0.691667 0.72037 0.0375 0.222222
0 0.398438 0.725 0.0385417 0.257407
0 0.570833 0.671759 0.028125 0.126852
9 0.235417 0.403704 0.0416667 0.187037
0 0.347135 0.731944 0.0578125 0.250926
2 0.0919271 0.675926 0.183854 0.144444
