9 0.609375 0.56713 0.015625 0.0490741
0 0.852344 0.632407 0.0182292 0.0648148
0 0.45625 0.634722 0.0177083 0.108333
9 0.155729 0.419444 0.05625 0.125926
2 0.182812 0.621759 0.059375 0.0638889
0 0.663802 0.710185 0.0442708 0.218519
9 0.16901 0.368056 0.0817708 0.236111
0 0.694271 0.726389 0.0458333 0.237963
0 0.570312 0.677778 0.0333333 0.135185
9 0.227083 0.394444 0.0447917 0.188889
0 0.394531 0.73287 0.0432292 0.249074
0 0.342448 0.734722 0.0505208 0.250926
2 0.0882813 0.671759 0.176563 0.134259
