0 0.639063 0.649074 0.01875 0.0796296
9 0.609896 0.57037 0.015625 0.0555556
0 0.897135 0.621296 0.0192708 0.0777778
9 0.0895833 0.319907 0.090625 0.287963
0 0.447135 0.636111 0.0213542 0.118519
0 0.577865 0.681944 0.0307292 0.147222
0 0.721354 0.733796 0.0395833 0.263889
0 0.688281 0.726389 0.0505208 0.278704
9 0.851562 0.437037 0.0375 0.122222
0 0.372656 0.755556 0.0609375 0.298148
2 0.130208 0.660648 0.145833 0.117593
0 0.319531 0.770833 0.0682292 0.321296
9 0.176823 0.366667 0.0619792 0.218519
