9 0.609896 0.568981 0.0166667 0.0546296
0 0.538802 0.669907 0.0234375 0.0990741
26 0.683333 0.69537 0.0291667 0.0907407
0 0.446094 0.638889 0.0182292 0.116667
26 0.728906 0.699537 0.0276042 0.0824074
0 0.703906 0.741204 0.0588542 0.300926
24 0.720312 0.689815 0.0447917 0.1
2 0.258333 0.600926 0.0489583 0.0777778
9 0.0502604 0.273611 0.0973958 0.336111
0 0.584896 0.688426 0.03125 0.149074
0 0.743229 0.741667 0.0572917 0.290741
9 0.148698 0.346296 0.0713542 0.233333
0 0.363802 0.774537 0.0619792 0.330556
9 0.85599 0.431481 0.0401042 0.12963
2 0.146875 0.653704 0.103125 0.105556
0 0.303385 0.775926 0.0692708 0.333333
