26 0.745052 0.766204 0.0244792 0.0638889
2 0.188542 0.625926 0.0510417 0.0537037
9 0.610156 0.571296 0.0161458 0.0555556
26 0.673177 0.702778 0.0276042 0.0537037
0 0.94349 0.627778 0.0182292 0.0611111
0 0.718229 0.733333 0.0416667 0.255556
26 0.726823 0.766667 0.0223958 0.0722222
0 0.896615 0.623148 0.0182292 0.0777778
0 0.448177 0.636574 0.0223958 0.119444
0 0.692708 0.723611 0.0625 0.275
0 0.577865 0.680093 0.0286458 0.147222
2 0.126563 0.663426 0.151042 0.119444
9 0.850521 0.4375 0.0364583 0.119444
0 0.377344 0.751389 0.0557292 0.293519
9 0.183073 0.371759 0.0578125 0.213889
0 0.322135 0.768519 0.0692708 0.311111
