0 0.396615 0.622222 0.0151042 0.0944444
9 0.639844 0.55787 0.0130208 0.0509259
0 0.388542 0.616667 0.01875 0.103704
2 0.177083 0.599537 0.025 0.0268519
3 0.679948 0.67963 0.0473958 0.0814815
0 0.38099 0.624074 0.0130208 0.0888889
2 0.154948 0.598611 0.0223958 0.0175926
0 0.433333 0.64213 0.0208333 0.110185
0 0.448438 0.641204 0.0208333 0.108333
0 0.485417 0.670833 0.0364583 0.149074
0 0.682813 0.658796 0.0260417 0.10463
0 0.31849 0.602778 0.0130208 0.0722222
3 0.479948 0.713426 0.0515625 0.108333
0 0.773177 0.818981 0.0755208 0.356481
2 0.0953125 0.624537 0.0729167 0.0805556
2 0.202604 0.621296 0.0416667 0.05
0 0.932552 0.809259 0.110937 0.375926
