7 0.236458 0.594444 0.0395833 0.0666667
5 0.236458 0.594907 0.040625 0.0657407
9 0.61901 0.563426 0.0109375 0.0342593
0 0.434635 0.644444 0.0140625 0.0944444
9 0.451562 0.533333 0.0125 0.0444444
0 0.392448 0.626389 0.0161458 0.0805556
0 0.41875 0.650926 0.0197917 0.105556
0 0.658594 0.733333 0.0473958 0.214815
9 0.918229 0.403241 0.0520833 0.149074
0 0.58776 0.727778 0.0484375 0.203704
2 0.191146 0.631019 0.0572917 0.075
0 0.965625 0.789352 0.0677083 0.40463
0 0.0416667 0.783333 0.0833333 0.424074
0 0.903125 0.77963 0.167708 0.431481
0 0.146094 0.776852 0.153646 0.433333
