0 0.883854 0.618981 0.0166667 0.0898148
26 0.700521 0.737037 0.0166667 0.0425926
0 0.84349 0.631944 0.0140625 0.0657407
0 0.365885 0.726389 0.0494792 0.239815
0 0.529948 0.671296 0.0213542 0.112963
2 0.266927 0.603241 0.0369792 0.0805556
9 0.829167 0.452778 0.0364583 0.107407
9 0.260938 0.419907 0.0354167 0.165741
9 0.214062 0.403704 0.0625 0.205556
0 0.565625 0.67037 0.0270833 0.112963
2 0.178385 0.625 0.0630208 0.062963
0 0.657812 0.70463 0.034375 0.207407
0 0.407031 0.716204 0.0348958 0.212037
0 0.681771 0.705093 0.0364583 0.20463
2 0.0835937 0.686111 0.167187 0.153704
