0 0.434896 0.600463 0.0166667 0.0768519
2 0.226562 0.62037 0.0208333 0.0425926
0 0.530469 0.636574 0.0182292 0.128704
0 0.618229 0.668981 0.0145833 0.0731481
0 0.397396 0.624537 0.021875 0.117593
0 0.803906 0.680556 0.0494792 0.135185
3 0.8 0.70463 0.0697917 0.105556
2 0.250781 0.613889 0.0276042 0.0296296
2 0.208854 0.62037 0.046875 0.0462963
9 0.731771 0.543056 0.015625 0.0564815
0 0.515104 0.644907 0.0239583 0.121296
0 0.383073 0.624074 0.0182292 0.109259
2 0.0653646 0.631481 0.129688 0.103704
