0 0.482031 0.635185 0.0161458 0.12037
0 0.503385 0.642593 0.0192708 0.125926
0 0.59401 0.661574 0.0140625 0.0712963
3 0.751302 0.685648 0.0744792 0.123148
0 0.752083 0.675926 0.0541667 0.122222
0 0.419271 0.62037 0.015625 0.111111
9 0.69401 0.552778 0.0171875 0.0592593
3 0.133073 0.881481 0.254687 0.225926
0 0.388021 0.615741 0.0166667 0.109259
0 0.49401 0.643056 0.0255208 0.125
0 0.147917 0.822222 0.15 0.322222
2 0.173177 0.630556 0.0619792 0.05
2 0.0153646 0.656482 0.0307292 0.0777778
2 0.238802 0.614352 0.0328125 0.0398148
