26 0.730208 0.76713 0.0166667 0.0490741
9 0.609896 0.568519 0.015625 0.05
0 0.856771 0.631481 0.0135417 0.0648148
0 0.453125 0.633796 0.0197917 0.110185
2 0.19375 0.624074 0.040625 0.0592593
0 0.674219 0.711111 0.0463542 0.235185
9 0.845052 0.439352 0.0348958 0.126852
9 0.133594 0.349537 0.0744792 0.265741
0 0.572917 0.681944 0.0333333 0.136111
0 0.704948 0.72963 0.0442708 0.246296
0 0.386979 0.734722 0.0447917 0.275
9 0.20599 0.386111 0.0515625 0.2
2 0.110677 0.66713 0.165104 0.125
0 0.336198 0.751389 0.0619792 0.287963
