26 0.683073 0.731019 0.0161458 0.0361111
9 0.817187 0.463426 0.0302083 0.102778
0 0.469271 0.660185 0.0135417 0.0666667
9 0.303906 0.442593 0.0244792 0.137037
0 0.640365 0.699074 0.0328125 0.187037
0 0.559115 0.6625 0.0234375 0.102778
0 0.667708 0.695833 0.03125 0.173148
0 0.392708 0.700463 0.0395833 0.186111
9 0.608073 0.574074 0.0119792 0.0425926
2 0.0776042 0.702315 0.0875 0.150926
9 0.267969 0.427778 0.0494792 0.183333
0 0.42474 0.69213 0.0317708 0.186111
2 0.166667 0.628704 0.0770833 0.0722222
