0 0.545833 0.689815 0.0302083 0.144444
0 0.0692708 0.58287 0.0208333 0.100926
26 0.700521 0.71713 0.0364583 0.0953704
9 0.0164062 0.257407 0.0328125 0.35
0 0.444271 0.636111 0.015625 0.107407
0 0.43099 0.643519 0.0203125 0.111111
0 0.716927 0.746759 0.0682292 0.310185
0 0.594792 0.696296 0.0354167 0.148148
2 0.130469 0.650463 0.0630208 0.0953704
9 0.1 0.312037 0.0885417 0.264815
0 0.766146 0.768056 0.078125 0.328704
9 0.864062 0.425926 0.0479167 0.131481
0 0.348437 0.781482 0.0645833 0.359259
0 0.27474 0.788889 0.0869792 0.362963
