2 0.00963542 0.657407 0.0192708 0.0759259
0 0.748698 0.672222 0.0359375 0.114815
2 0.190365 0.619907 0.0307292 0.0583333
0 0.494271 0.643519 0.0229167 0.124074
3 0.746615 0.694907 0.0682292 0.0842593
2 0.240625 0.61713 0.0302083 0.0287037
0 0.479948 0.640741 0.0171875 0.127778
0 0.389062 0.628704 0.015625 0.0888889
9 0.692448 0.544907 0.0151042 0.0398148
0 0.502344 0.638889 0.0213542 0.127778
0 0.591927 0.661574 0.0130208 0.0694444
0 0.41901 0.624074 0.0171875 0.107407
0 0.204167 0.803704 0.123958 0.311111
3 0.180469 0.862963 0.241146 0.255556
2 0.161458 0.623611 0.0479167 0.0564815
