0 0.848698 0.632407 0.0161458 0.062963
9 0.182031 0.432407 0.0515625 0.118519
9 0.609635 0.569907 0.0151042 0.0490741
0 0.458333 0.632407 0.01875 0.105556
2 0.258594 0.602778 0.0265625 0.0796296
9 0.833594 0.447685 0.0328125 0.112037
26 0.707031 0.74537 0.0140625 0.0481481
0 0.653906 0.708333 0.0359375 0.216667
0 0.401042 0.717593 0.0385417 0.251852
9 0.19375 0.384722 0.075 0.217593
2 0.172396 0.627315 0.0479167 0.0638889
9 0.241927 0.410648 0.0411458 0.182407
0 0.568229 0.671296 0.025 0.124074
0 0.686979 0.715278 0.0385417 0.213889
2 0.0888021 0.678241 0.176563 0.141667
