2 0.261198 0.604167 0.0296875 0.0768519
9 0.188802 0.434722 0.0505208 0.117593
9 0.609375 0.569444 0.015625 0.0481481
0 0.846615 0.632407 0.0151042 0.062963
0 0.458594 0.63287 0.0192708 0.108333
9 0.832292 0.446296 0.0354167 0.116667
26 0.705469 0.743519 0.0151042 0.0481481
0 0.354167 0.731481 0.0572917 0.240741
0 0.655469 0.701389 0.0411458 0.212037
0 0.568229 0.669907 0.0260417 0.125
9 0.195312 0.387963 0.0614583 0.214815
2 0.175521 0.625 0.0479167 0.0611111
0 0.686458 0.7125 0.0385417 0.213889
9 0.247917 0.412963 0.0395833 0.17963
0 0.402865 0.72037 0.0411458 0.240741
2 0.0877604 0.681481 0.174479 0.148148
