26 0.810938 0.822222 0.0260417 0.062963
26 0.709635 0.703704 0.0421875 0.142593
0 0.879427 0.631944 0.0151042 0.0638889
0 0.427604 0.643056 0.021875 0.115741
2 0.194531 0.640278 0.0401042 0.087963
2 0.250521 0.598611 0.0479167 0.075
2 0.124219 0.65 0.0348958 0.0925926
0 0.44401 0.636574 0.0182292 0.108333
2 0.160417 0.647685 0.105208 0.0953704
9 0.071875 0.295833 0.101042 0.276852
0 0.597656 0.702778 0.0380208 0.15
0 0.726562 0.768981 0.0729167 0.363889
9 0.870833 0.427315 0.0447917 0.130556
0 0.780208 0.776852 0.0791667 0.351852
0 0.257812 0.8 0.096875 0.375926
0 0.33724 0.783796 0.0682292 0.384259
