0 0.60026 0.665741 0.0151042 0.0666667
2 0.0825521 0.832407 0.165104 0.285185
0 0.514583 0.638889 0.0197917 0.125926
0 0.423177 0.618981 0.0213542 0.106481
0 0.390104 0.626852 0.015625 0.0907407
0 0.76849 0.675463 0.0463542 0.121296
3 0.761719 0.699537 0.0682292 0.087963
0 0.415365 0.641667 0.0171875 0.0722222
9 0.704687 0.546296 0.015625 0.05
2 0.0307292 0.642593 0.0614583 0.101852
0 0.503906 0.643519 0.0244792 0.118519
2 0.242708 0.616667 0.03125 0.0351852
2 0.183594 0.623148 0.0588542 0.0537037
