9 0.44375 0.484722 0.0135417 0.0564815
3 0.68151 0.675926 0.0505208 0.087037
0 0.320052 0.604167 0.0119792 0.0675926
2 0.157292 0.602315 0.0229167 0.0157407
0 0.486198 0.678241 0.0317708 0.147222
0 0.684375 0.661111 0.040625 0.109259
0 0.436979 0.644907 0.0208333 0.108333
3 0.477604 0.718056 0.0520833 0.110185
0 0.378906 0.62963 0.0151042 0.0796296
0 0.781771 0.823148 0.0739583 0.348148
2 0.0895833 0.625926 0.0947917 0.0814815
2 0.204688 0.621759 0.040625 0.0490741
0 0.948177 0.808796 0.100521 0.380556
