0 0.969531 0.633333 0.0151042 0.062963
0 0.555469 0.699074 0.0369792 0.161111
26 0.724219 0.707407 0.0515625 0.131481
26 0.834115 0.828241 0.0328125 0.075
0 0.884375 0.634259 0.0145833 0.062963
0 0.442708 0.6375 0.0166667 0.100926
2 0.179427 0.64213 0.0671875 0.0898148
0 0.426302 0.641667 0.0234375 0.118519
9 0.877344 0.418519 0.0442708 0.137037
9 0.0429688 0.252778 0.0859375 0.314815
0 0.60599 0.702315 0.0307292 0.156481
0 0.73724 0.775926 0.0776042 0.383333
0 0.798177 0.781944 0.0838542 0.371296
0 0.32526 0.789352 0.0734375 0.406481
0 0.23776 0.806944 0.107813 0.376852
