0 0.389062 0.618519 0.0145833 0.087037
9 0.453125 0.530093 0.0114583 0.037963
0 0.433854 0.647685 0.0135417 0.0935185
0 0.394531 0.630093 0.0140625 0.0712963
0 0.419531 0.653241 0.0192708 0.100926
2 0.0174479 0.638889 0.0348958 0.1
0 0.648177 0.725463 0.0463542 0.210185
2 0.16276 0.640741 0.0276042 0.0611111
0 0.944271 0.798611 0.0864583 0.402778
0 0.58125 0.724074 0.0354167 0.188889
9 0.913021 0.40463 0.05 0.142593
0 0.870052 0.778241 0.146354 0.432407
0 0.200781 0.789815 0.125521 0.409259
0 0.071875 0.793981 0.142708 0.406481
