9 0.45651 0.537963 0.0140625 0.0444444
0 0.544531 0.675926 0.0203125 0.0851852
0 0.552083 0.708333 0.0364583 0.153704
2 0.0117188 0.633333 0.0234375 0.122222
9 0.0294271 0.236574 0.0588542 0.312037
0 0.442448 0.635185 0.0182292 0.101852
0 0.42474 0.641204 0.0223958 0.115741
2 0.172917 0.643056 0.0958333 0.0861111
0 0.754687 0.781018 0.0916667 0.419444
9 0.884115 0.419907 0.0484375 0.132407
0 0.611979 0.711574 0.0354167 0.162037
0 0.815104 0.785648 0.075 0.387963
0 0.31276 0.789815 0.0755208 0.414815
0 0.222396 0.806019 0.114583 0.378704
