0 0.56875 0.676852 0.0135417 0.101852
0 0.406771 0.621296 0.015625 0.0925926
0 0.44349 0.633333 0.0182292 0.101852
0 0.557813 0.706019 0.034375 0.169444
0 0.42474 0.639352 0.0244792 0.119444
2 0.0153646 0.654167 0.0307292 0.075
0 0.832031 0.793981 0.0755208 0.402778
0 0.616406 0.715278 0.0421875 0.165741
9 0.890104 0.419907 0.0510417 0.132407
0 0.769531 0.786574 0.0973958 0.421296
2 0.165365 0.64213 0.0692708 0.0787037
0 0.300521 0.788889 0.0854167 0.412963
0 0.203646 0.793981 0.116667 0.399074
