0 0.380469 0.623611 0.0151042 0.0898148
0 0.374479 0.625926 0.0135417 0.087037
0 0.543229 0.656944 0.0104167 0.062037
3 0.672656 0.669907 0.0463542 0.0842593
0 0.390625 0.625926 0.0145833 0.0851852
2 0.145052 0.596296 0.0192708 0.0203704
0 0.444531 0.647222 0.0119792 0.0796296
0 0.492708 0.672685 0.0333333 0.130556
9 0.632292 0.55463 0.0114583 0.0407407
0 0.425 0.644444 0.0208333 0.109259
3 0.486979 0.710185 0.0479167 0.0981481
2 0.196094 0.621759 0.0442708 0.0546296
0 0.7375 0.821296 0.0635417 0.353704
0 0.879687 0.810648 0.11875 0.378704
