9 0.834635 0.449074 0.0328125 0.122222
0 0.533333 0.665278 0.021875 0.10463
9 0.609635 0.568981 0.0151042 0.0490741
9 0.0419271 0.156019 0.0838542 0.113889
0 0.458073 0.633333 0.0182292 0.103704
0 0.348958 0.732407 0.0604167 0.244444
26 0.708854 0.748611 0.0145833 0.0546296
0 0.4 0.722222 0.0385417 0.25
0 0.654427 0.70787 0.0390625 0.217593
0 0.688281 0.716667 0.0348958 0.216667
0 0.56901 0.670833 0.0265625 0.125
9 0.179427 0.378241 0.0567708 0.226852
2 0.171615 0.629167 0.0411458 0.0675926
9 0.238542 0.40463 0.0416667 0.187037
2 0.0895833 0.675926 0.179167 0.142593
