0 0.844531 0.631944 0.0151042 0.0638889
0 0.530208 0.670833 0.021875 0.108333
9 0.197656 0.441667 0.0442708 0.116667
26 0.701042 0.7375 0.0166667 0.0472222
9 0.830208 0.448611 0.0354167 0.110185
0 0.358073 0.728704 0.0619792 0.238889
2 0.264844 0.602315 0.0348958 0.0787037
9 0.209635 0.400463 0.0671875 0.213889
0 0.566146 0.669907 0.025 0.115741
9 0.254948 0.419907 0.0369792 0.175
0 0.682552 0.706944 0.0369792 0.206481
0 0.655729 0.703241 0.0375 0.208333
2 0.180469 0.624537 0.0588542 0.062037
0 0.40651 0.7125 0.0369792 0.223148
2 0.0848958 0.684722 0.169792 0.152778
