2 0.116667 0.635648 0.0125 0.0453704
0 0.378646 0.628241 0.0125 0.0787037
0 0.544531 0.659259 0.0109375 0.0574074
0 0.393229 0.628704 0.0125 0.0814815
0 0.445052 0.649074 0.0119792 0.0777778
3 0.675521 0.672222 0.0447917 0.0814815
9 0.633333 0.558796 0.0135417 0.0490741
0 0.678385 0.661574 0.0244792 0.0953704
0 0.489844 0.674074 0.0348958 0.12963
0 0.745573 0.748148 0.0661458 0.214815
3 0.486198 0.7125 0.0494792 0.0990741
0 0.427083 0.644907 0.0208333 0.110185
2 0.198177 0.621759 0.0411458 0.0546296
0 0.884896 0.810648 0.09375 0.373148
