26 0.73125 0.710185 0.0541667 0.138889
9 0.45651 0.535185 0.0140625 0.0388889
0 0.545573 0.683796 0.0223958 0.102778
2 0.0104167 0.638889 0.0208333 0.114815
0 0.552865 0.705556 0.0369792 0.15
9 0.0338542 0.243519 0.0677083 0.316667
0 0.442448 0.636574 0.0182292 0.10463
0 0.42474 0.64213 0.0213542 0.119444
2 0.174219 0.642593 0.0901042 0.087037
9 0.882292 0.421759 0.0479167 0.130556
0 0.610417 0.705556 0.034375 0.166667
0 0.748177 0.776852 0.0838542 0.4
0 0.811979 0.782407 0.0770833 0.385185
0 0.316406 0.788426 0.0765625 0.415741
0 0.227604 0.80463 0.1125 0.387037
