2 0.201562 0.622685 0.025 0.0583333
26 0.670052 0.687963 0.0328125 0.0833333
9 0.610156 0.568056 0.0151042 0.0527778
0 0.451042 0.634722 0.0229167 0.112037
0 0.678385 0.720833 0.0453125 0.228704
2 0.18776 0.622222 0.0536458 0.062963
9 0.846615 0.441667 0.0359375 0.122222
9 0.11901 0.338426 0.0786458 0.263889
0 0.707812 0.731019 0.0458333 0.25463
0 0.575521 0.681481 0.03125 0.142593
0 0.382292 0.739352 0.0479167 0.267593
9 0.195573 0.381481 0.0546875 0.207407
0 0.327344 0.757407 0.0703125 0.294444
2 0.119792 0.662963 0.15625 0.125926
