0 0.326823 0.602778 0.0130208 0.0703704
2 0.163021 0.6 0.0239583 0.0203704
0 0.382812 0.630556 0.0125 0.0685185
0 0.557292 0.656018 0.0104167 0.0638889
2 0.123698 0.622685 0.0453125 0.075
0 0.695052 0.661111 0.0244792 0.0981481
0 0.345573 0.600463 0.0140625 0.0731481
3 0.68776 0.675926 0.0546875 0.0907407
0 0.484115 0.688426 0.0338542 0.149074
0 0.444531 0.642593 0.0223958 0.111111
3 0.473698 0.728704 0.0557292 0.112963
2 0.0950521 0.624537 0.0953125 0.0805556
2 0.210938 0.619444 0.0395833 0.0518519
0 0.813802 0.823611 0.0807292 0.350926
0 0.973177 0.793519 0.0536458 0.396296
