0 0.509375 0.635185 0.025 0.137037
2 0.0229167 0.655093 0.0458333 0.0787037
9 0.489583 0.506944 0.0114583 0.0342593
0 0.417188 0.630556 0.0177083 0.0925926
9 0.702344 0.549537 0.0140625 0.0564815
0 0.390625 0.625 0.0166667 0.0981481
0 0.49974 0.647222 0.0296875 0.116667
3 0.75599 0.700463 0.0661458 0.0824074
0 0.0677083 0.803241 0.135417 0.378704
1 0.75625 0.702778 0.0677083 0.0796296
0 0.758073 0.667593 0.0380208 0.124074
2 0.179948 0.62037 0.0619792 0.0592593
2 0.240885 0.616204 0.0317708 0.037963
