0 0.858073 0.631019 0.0140625 0.0638889
0 0.894271 0.621759 0.0177083 0.0861111
26 0.733594 0.769444 0.0171875 0.05
9 0.610156 0.568981 0.0151042 0.0527778
0 0.67474 0.709722 0.0432292 0.236111
2 0.189583 0.622222 0.05 0.0666667
9 0.126563 0.347222 0.0729167 0.259259
9 0.845052 0.441667 0.0359375 0.124074
0 0.451042 0.634722 0.021875 0.112037
0 0.57474 0.681019 0.0307292 0.137963
0 0.70625 0.730093 0.0458333 0.252778
0 0.384635 0.738889 0.0432292 0.266667
9 0.200521 0.383796 0.0552083 0.20463
0 0.33099 0.754167 0.0682292 0.289815
2 0.113802 0.663426 0.160938 0.121296
