0 0.567708 0.6125 0.0145833 0.0675926
7 0.578385 0.572685 0.124479 0.158333
9 0.0820312 0.417593 0.0161458 0.0648148
0 0.924479 0.726852 0.0270833 0.112963
3 0.421354 0.649537 0.0260417 0.0861111
0 0.728646 0.64213 0.021875 0.143519
0 0.0984375 0.621296 0.0166667 0.0888889
0 0.746615 0.655093 0.0213542 0.119444
2 0.392969 0.618519 0.0317708 0.0444444
2 0.354427 0.621296 0.0338542 0.037037
0 0.421615 0.6375 0.0255208 0.102778
0 0.782552 0.678704 0.0348958 0.151852
10 0.924219 0.725926 0.0276042 0.111111
