0 0.53099 0.669907 0.0223958 0.112037
0 0.459115 0.634722 0.0203125 0.112037
0 0.845573 0.632407 0.0151042 0.062963
9 0.83151 0.44537 0.0359375 0.12037
2 0.2625 0.603241 0.0333333 0.0768519
0 0.355729 0.72963 0.059375 0.238889
9 0.251302 0.415741 0.0390625 0.174074
0 0.684375 0.709259 0.0364583 0.212963
0 0.655208 0.700463 0.0375 0.212037
2 0.178906 0.625 0.0557292 0.0611111
0 0.567187 0.669907 0.025 0.117593
9 0.19974 0.396296 0.0598958 0.211111
0 0.404427 0.718056 0.0390625 0.236111
2 0.0869792 0.683796 0.172917 0.152778
