3 0.129427 0.871296 0.253646 0.244444
9 0.474219 0.479167 0.0140625 0.062037
3 0.749479 0.699074 0.0625 0.0777778
0 0.416927 0.627315 0.0161458 0.0972222
10 0.59349 0.660648 0.0130208 0.075
9 0.695052 0.552315 0.0151042 0.0583333
0 0.163021 0.783796 0.114583 0.297222
0 0.389062 0.619444 0.0177083 0.107407
2 0.173698 0.628704 0.0640625 0.0462963
0 0.49349 0.642593 0.0286458 0.125926
0 0.753646 0.667593 0.0427083 0.112963
1 0.74974 0.700926 0.0661458 0.0777778
2 0.238021 0.616204 0.0322917 0.037963
