9 0.621354 0.562037 0.0114583 0.0425926
2 0.145833 0.594907 0.0197917 0.0231481
0 0.528906 0.655093 0.0255208 0.0953704
9 0.641927 0.531482 0.0161458 0.0759259
0 0.434635 0.639815 0.0192708 0.1
0 0.385156 0.617593 0.0161458 0.0944444
3 0.522917 0.689815 0.0354167 0.0722222
2 0.172135 0.63287 0.0203125 0.0509259
0 0.417188 0.645833 0.0208333 0.112037
9 0.954167 0.384259 0.0552083 0.164815
2 0.0424479 0.635648 0.0848958 0.0972222
0 0.628385 0.76713 0.0536458 0.249074
0 0.715365 0.773148 0.0661458 0.288889
