3 0.745052 0.697685 0.0619792 0.0731481
9 0.471615 0.475463 0.0151042 0.0675926
1 0.744271 0.697685 0.065625 0.0805556
2 0.186198 0.619907 0.0317708 0.0583333
0 0.590625 0.6625 0.0125 0.0694444
0 0.420052 0.623148 0.0203125 0.107407
2 0.238802 0.619907 0.0380208 0.0490741
9 0.691406 0.549074 0.0130208 0.0518519
0 0.485938 0.641667 0.025 0.125926
0 0.388542 0.623148 0.0177083 0.1
0 0.502344 0.636574 0.0203125 0.130556
0 0.747135 0.66713 0.0411458 0.117593
0 0.240365 0.785185 0.0880208 0.3
3 0.198437 0.862963 0.23125 0.259259
2 0.165104 0.620833 0.0604167 0.062037
