0 0.665625 0.681944 0.0260417 0.158333
0 0.555469 0.662963 0.0223958 0.1
9 0.808854 0.434722 0.021875 0.0398148
9 0.315885 0.453704 0.0244792 0.144444
2 0.188021 0.625926 0.0354167 0.062963
2 0.0859375 0.718056 0.0229167 0.0972222
2 0.969531 0.872685 0.0598958 0.247222
9 0.608073 0.574074 0.0109375 0.0407407
0 0.63776 0.690278 0.0401042 0.176852
9 0.810417 0.462963 0.0270833 0.0962963
0 0.430729 0.685185 0.03125 0.190741
0 0.398698 0.691667 0.0359375 0.190741
9 0.28151 0.4375 0.0463542 0.156481
2 0.152344 0.628704 0.0588542 0.0722222
