9 0.816146 0.430093 0.021875 0.0472222
2 0.279167 0.601389 0.053125 0.0898148
2 0.190365 0.612963 0.0338542 0.0611111
9 0.81875 0.45787 0.0322917 0.112037
9 0.300521 0.441204 0.0291667 0.141667
0 0.66849 0.700463 0.0369792 0.186111
0 0.559635 0.664815 0.0244792 0.105556
0 0.391146 0.697222 0.04375 0.194444
0 0.646615 0.698148 0.0359375 0.188889
2 0.0747396 0.703704 0.102604 0.161111
9 0.608333 0.573148 0.0125 0.0444444
0 0.423958 0.693519 0.03125 0.190741
9 0.265885 0.427778 0.0515625 0.185185
2 0.166927 0.628704 0.0786458 0.0722222
