0 0.490625 0.643519 0.015625 0.105556
2 0.178906 0.622685 0.0328125 0.0527778
9 0.0046875 0.421759 0.009375 0.0731481
9 0.466667 0.481944 0.0135417 0.0583333
0 0.389062 0.627315 0.0166667 0.0861111
0 0.415885 0.628704 0.0192708 0.0944444
3 0.728385 0.693519 0.0567708 0.0740741
10 0.916927 0.943519 0.0473958 0.109259
0 0.582031 0.659722 0.0119792 0.0731481
9 0.681771 0.546759 0.0125 0.0472222
0 0.359635 0.734259 0.0682292 0.237037
2 0.141146 0.623611 0.05 0.062037
0 0.479427 0.643981 0.0276042 0.121296
0 0.730729 0.662963 0.040625 0.127778
3 0.344531 0.818519 0.140104 0.225926
2 0.232552 0.618981 0.0348958 0.0435185
