9 0.695833 0.550463 0.015625 0.0583333
2 0.150521 0.63287 0.0583333 0.0398148
0 0.594531 0.662037 0.0119792 0.0722222
2 0.0182292 0.658333 0.0364583 0.0759259
2 0.190365 0.621759 0.0369792 0.0527778
0 0.416406 0.629167 0.0161458 0.0935185
0 0.389844 0.619444 0.0171875 0.105556
0 0.138021 0.79213 0.113542 0.319444
1 0.753646 0.700463 0.0677083 0.0805556
3 0.11901 0.872685 0.235938 0.236111
3 0.753125 0.700926 0.0677083 0.087037
0 0.492969 0.644444 0.0234375 0.124074
0 0.754687 0.668519 0.0395833 0.12037
2 0.239323 0.615741 0.0328125 0.037037
