0 0.553385 0.656944 0.0109375 0.062037
0 0.320312 0.605556 0.0125 0.0703704
2 0.179167 0.598148 0.0229167 0.0277778
2 0.157813 0.596759 0.021875 0.0212963
9 0.64401 0.551852 0.0109375 0.0407407
0 0.380469 0.62963 0.0130208 0.0777778
0 0.486979 0.685648 0.03125 0.141667
0 0.688021 0.65463 0.0302083 0.124074
0 0.4375 0.642593 0.021875 0.105556
3 0.476302 0.721759 0.0536458 0.112037
2 0.0872396 0.625 0.103646 0.0796296
2 0.20599 0.620833 0.0401042 0.0527778
0 0.789062 0.825 0.075 0.35
0 0.95625 0.802778 0.0864583 0.375926
