24 0.724479 0.7 0.028125 0.0777778
0 0.5375 0.671759 0.0229167 0.0953704
26 0.727344 0.703241 0.0265625 0.0768519
0 0.447656 0.638426 0.0171875 0.117593
2 0.259115 0.603241 0.0484375 0.0731481
0 0.698958 0.737963 0.0479167 0.288889
9 0.0578125 0.280093 0.103125 0.341667
0 0.582031 0.685648 0.0338542 0.152778
2 0.151042 0.653704 0.103125 0.101852
0 0.736979 0.7375 0.0458333 0.280556
9 0.855208 0.432407 0.0385417 0.124074
9 0.15599 0.352315 0.0692708 0.228704
0 0.367188 0.766204 0.0583333 0.321296
0 0.309115 0.774074 0.0661458 0.331481
