3 0.535156 0.673611 0.0359375 0.0768519
9 0.619531 0.557407 0.00989583 0.0351852
2 0.23125 0.593982 0.034375 0.062037
0 0.432813 0.642593 0.0166667 0.0981481
0 0.388802 0.624537 0.0171875 0.0824074
9 0.930729 0.394444 0.053125 0.155556
2 0.147917 0.591204 0.0229167 0.0287037
0 0.417708 0.648148 0.0197917 0.107407
0 0.598437 0.741204 0.0479167 0.212037
0 0.680208 0.751389 0.0510417 0.230556
2 0.18776 0.62963 0.0630208 0.0703704
2 0.0359375 0.636111 0.06875 0.0944444
0 0.938021 0.781944 0.122917 0.428704
