0 0.470052 0.623611 0.0223958 0.0731481
2 0.203646 0.593518 0.0239583 0.0314815
0 0.359375 0.599537 0.0135417 0.0712963
2 0.18099 0.602315 0.0234375 0.0231481
0 0.414062 0.628241 0.01875 0.0990741
3 0.715104 0.689815 0.0572917 0.0759259
0 0.715885 0.651852 0.0359375 0.12963
9 0.669792 0.552315 0.0125 0.0453704
0 0.440625 0.713426 0.0604167 0.169444
2 0.158594 0.62037 0.0369792 0.0666667
2 0.121094 0.630093 0.0567708 0.0638889
3 0.438542 0.760185 0.0760417 0.151852
2 0.228125 0.618981 0.0354167 0.0435185
0 0.95026 0.815741 0.0984375 0.355556
