2 0.23724 0.593518 0.0432292 0.0703704
2 0.0822917 0.591667 0.0802083 0.0740741
9 0.61875 0.55787 0.0104167 0.0324074
2 0.147396 0.591667 0.0229167 0.0314815
0 0.433333 0.644907 0.0145833 0.0842593
0 0.388542 0.622222 0.015625 0.087037
0 0.979427 0.792593 0.0411458 0.403704
0 0.417969 0.65 0.0192708 0.105556
2 0.0257812 0.637037 0.0515625 0.0925926
9 0.922135 0.398611 0.0526042 0.158333
0 0.589583 0.730093 0.053125 0.208333
0 0.669531 0.743056 0.0588542 0.230556
2 0.186458 0.631019 0.065625 0.0712963
0 0.0934896 0.790278 0.185937 0.408333
0 0.916667 0.778241 0.165625 0.432407
