0 0.546094 0.673148 0.0234375 0.0833333
9 0.224479 0.0962963 0.242708 0.185185
9 0.45651 0.536574 0.0140625 0.0416667
0 0.885938 0.636111 0.0145833 0.0666667
0 0.552083 0.701389 0.0354167 0.152778
0 0.442969 0.635185 0.0182292 0.103704
0 0.423438 0.641204 0.0208333 0.121296
9 0.0393229 0.247685 0.0786458 0.317593
9 0.879948 0.419907 0.0432292 0.134259
2 0.177083 0.642593 0.078125 0.0851852
0 0.80625 0.781944 0.078125 0.378704
0 0.741406 0.773148 0.0786458 0.390741
0 0.608594 0.702315 0.0338542 0.162037
0 0.319531 0.787963 0.0734375 0.411111
0 0.232292 0.805093 0.109375 0.378704
