0 0.542448 0.674537 0.0171875 0.0861111
26 0.738281 0.715278 0.0567708 0.141667
0 0.555208 0.700926 0.0385417 0.17037
2 0.0132813 0.653704 0.0265625 0.0777778
0 0.442969 0.634259 0.0192708 0.103704
0 0.425521 0.641667 0.0239583 0.111111
2 0.171094 0.641204 0.0890625 0.0842593
0 0.823177 0.79213 0.0776042 0.400926
9 0.885938 0.42037 0.0479167 0.133333
0 0.613021 0.713889 0.0375 0.162963
0 0.757031 0.779167 0.0901042 0.415741
0 0.309635 0.791667 0.0786458 0.409259
0 0.217187 0.799537 0.115625 0.387963
