9 0.608594 0.567593 0.0119792 0.0425926
0 0.528125 0.668981 0.0208333 0.102778
0 0.673437 0.693519 0.0302083 0.183333
0 0.558333 0.672685 0.0208333 0.100926
0 0.566146 0.673611 0.01875 0.10463
9 0.284375 0.433333 0.0322917 0.153704
2 0.173177 0.623611 0.0682292 0.0675926
0 0.377865 0.70787 0.0411458 0.208333
0 0.648698 0.698611 0.0338542 0.193519
0 0.415625 0.703241 0.0354167 0.20463
9 0.244271 0.416667 0.0552083 0.196296
9 0.824219 0.452778 0.0338542 0.111111
2 0.0731771 0.705556 0.146354 0.17963
