26 0.828385 0.825 0.0286458 0.0759259
7 0.251302 0.602778 0.0536458 0.0814815
0 0.424479 0.638889 0.0208333 0.12037
0 0.883594 0.634722 0.0151042 0.062037
26 0.721354 0.709259 0.05 0.127778
0 0.442969 0.639815 0.0182292 0.109259
9 0.0473958 0.264352 0.0947917 0.302778
2 0.184375 0.641667 0.0625 0.0907407
9 0.876562 0.423611 0.0427083 0.130556
0 0.735677 0.772222 0.0765625 0.37963
0 0.603646 0.7 0.0333333 0.155556
0 0.79401 0.779167 0.0807292 0.371296
0 0.329167 0.790741 0.071875 0.403704
0 0.242448 0.808796 0.103646 0.375
