0 0.557031 0.677778 0.0203125 0.0944444
9 0.273177 0.426389 0.0338542 0.15463
2 0.273177 0.599074 0.0442708 0.0814815
26 0.695312 0.735648 0.0135417 0.037963
0 0.840885 0.631481 0.0151042 0.0648148
0 0.528906 0.668056 0.0213542 0.108333
0 0.565885 0.674074 0.0203125 0.103704
0 0.649219 0.698611 0.0411458 0.210185
2 0.17474 0.624074 0.0682292 0.062963
9 0.826563 0.451852 0.0364583 0.109259
0 0.369792 0.715278 0.04375 0.219444
9 0.230469 0.399074 0.0598958 0.22037
0 0.676562 0.699074 0.0333333 0.196296
0 0.411458 0.712037 0.0385417 0.205556
2 0.0786458 0.69537 0.157292 0.162963
