0 0.54974 0.693519 0.0296875 0.146296
0 0.877604 0.631481 0.0145833 0.062963
0 0.428646 0.643519 0.021875 0.114815
0 0.444271 0.636574 0.0177083 0.110185
2 0.126302 0.650926 0.0421875 0.0888889
2 0.25 0.599074 0.0479167 0.0740741
26 0.707031 0.715741 0.0401042 0.107407
2 0.157813 0.648611 0.107292 0.0953704
9 0.0815104 0.302778 0.0963542 0.274074
0 0.721875 0.766667 0.0666667 0.359259
0 0.597396 0.7 0.0385417 0.157407
0 0.777344 0.775463 0.0755208 0.343519
9 0.867448 0.428241 0.0494792 0.130556
0 0.341146 0.77963 0.06875 0.375926
0 0.263021 0.802315 0.0916667 0.386111
