0 0.410937 0.623611 0.0166667 0.0990741
9 0.459375 0.481481 0.0145833 0.0592593
0 0.569531 0.656944 0.0119792 0.0675926
1 0.705208 0.6875 0.0572917 0.0712963
2 0.176302 0.601852 0.0234375 0.0277778
2 0.148177 0.623611 0.0369792 0.062037
0 0.389583 0.627778 0.015625 0.0814815
0 0.357292 0.601389 0.0135417 0.075
0 0.710677 0.659259 0.0328125 0.124074
0 0.461979 0.678241 0.0510417 0.210185
2 0.119792 0.625463 0.084375 0.0731481
2 0.224219 0.618056 0.0380208 0.0472222
3 0.456771 0.741204 0.0635417 0.137963
0 0.901042 0.816667 0.117708 0.359259
