9 0.196354 0.338889 0.0333333 0.0944444
0 0.956771 0.626852 0.015625 0.0777778
0 0.5375 0.662037 0.0208333 0.101852
26 0.695312 0.70463 0.0364583 0.111111
0 0.432292 0.642593 0.0197917 0.114815
0 0.444792 0.639815 0.015625 0.107407
2 0.253385 0.603241 0.0473958 0.0731481
9 0.0304688 0.258333 0.0609375 0.325926
0 0.711198 0.746296 0.0619792 0.312963
0 0.592969 0.69213 0.0328125 0.14537
0 0.757031 0.755556 0.0755208 0.309259
9 0.863281 0.428704 0.0463542 0.12963
9 0.117708 0.325463 0.0822917 0.250926
0 0.353385 0.781018 0.0630208 0.349074
2 0.134375 0.651389 0.084375 0.0990741
0 0.285156 0.783333 0.0776042 0.355556
