2 0.191406 0.597222 0.0213542 0.0240741
0 0.386458 0.626852 0.0166667 0.0833333
0 0.564583 0.659259 0.0125 0.0648148
9 0.455469 0.481481 0.0130208 0.0555556
0 0.332031 0.602778 0.0109375 0.0722222
0 0.454427 0.628241 0.0223958 0.0842593
2 0.168229 0.597685 0.0229167 0.0231481
0 0.476042 0.685185 0.0364583 0.175926
2 0.1375 0.625 0.0416667 0.0666667
9 0.656771 0.552315 0.0125 0.0416667
3 0.466146 0.736111 0.0614583 0.12963
2 0.0934896 0.631944 0.0578125 0.0638889
0 0.698177 0.651389 0.0348958 0.128704
0 0.854167 0.813889 0.1 0.368519
2 0.21849 0.619444 0.0380208 0.05
