9 0.610156 0.568981 0.0151042 0.0527778
24 0.721354 0.693056 0.025 0.0861111
26 0.679167 0.703241 0.0270833 0.062037
2 0.260938 0.605556 0.0447917 0.0685185
9 0.0638021 0.23287 0.115104 0.449074
0 0.448177 0.639352 0.0171875 0.113889
0 0.580469 0.68287 0.0317708 0.152778
0 0.73151 0.737037 0.0411458 0.268519
0 0.695312 0.735648 0.0510417 0.280556
9 0.854167 0.435185 0.0385417 0.124074
2 0.134375 0.656018 0.1375 0.108333
0 0.367969 0.765278 0.0588542 0.313889
9 0.164323 0.360185 0.0682292 0.222222
0 0.31276 0.775 0.0671875 0.325926
