9 0.698438 0.549537 0.015625 0.0601852
0 0.0848958 0.806019 0.167708 0.376852
2 0.119792 0.639352 0.0614583 0.0490741
2 0.0205729 0.655093 0.0401042 0.0768519
0 0.416406 0.631019 0.0171875 0.0916667
0 0.506771 0.647222 0.0177083 0.111111
0 0.596615 0.661111 0.0119792 0.0722222
0 0.390104 0.623148 0.0177083 0.1
3 0.754687 0.7 0.065625 0.0814815
0 0.496354 0.647685 0.025 0.113889
1 0.754687 0.701852 0.0666667 0.0796296
2 0.178646 0.619907 0.0604167 0.0583333
0 0.75651 0.668519 0.0380208 0.125926
2 0.240365 0.616667 0.0317708 0.037037
