0 0.49974 0.637963 0.0182292 0.125926
9 0.689583 0.546296 0.0135417 0.0481481
2 0.184115 0.619444 0.0317708 0.0574074
0 0.588802 0.661574 0.0130208 0.0712963
3 0.740625 0.698611 0.0645833 0.0712963
0 0.388802 0.626852 0.0161458 0.0888889
0 0.41901 0.623611 0.0192708 0.106481
3 0.245573 0.872685 0.216146 0.234259
0 0.486458 0.64213 0.0291667 0.123148
0 0.741667 0.668519 0.0385417 0.118519
0 0.27526 0.780556 0.0817708 0.281481
2 0.161198 0.620833 0.0609375 0.0638889
2 0.234635 0.61713 0.0328125 0.0453704
