2 0.0822917 0.591667 0.08125 0.0740741
9 0.61875 0.557407 0.0104167 0.0314815
2 0.147656 0.591204 0.0234375 0.0305556
0 0.433333 0.64537 0.0145833 0.0851852
0 0.388542 0.621759 0.015625 0.087963
0 0.979427 0.792593 0.0411458 0.403704
0 0.417969 0.65 0.0192708 0.105556
2 0.0257812 0.6375 0.0515625 0.0935185
9 0.922135 0.398611 0.0526042 0.158333
0 0.589583 0.730093 0.053125 0.208333
0 0.669792 0.743056 0.059375 0.230556
2 0.186458 0.631019 0.065625 0.0712963
0 0.0934896 0.787963 0.185937 0.412963
0 0.916667 0.778241 0.165625 0.432407
