0 0.557813 0.678241 0.01875 0.0898148
9 0.0130208 0.447222 0.0166667 0.0814815
26 0.692969 0.736574 0.0140625 0.037963
2 0.276302 0.599074 0.0421875 0.0796296
9 0.609115 0.566204 0.0140625 0.0509259
0 0.839844 0.631481 0.0151042 0.0648148
9 0.275521 0.430556 0.0333333 0.161111
0 0.527865 0.669907 0.0203125 0.106481
0 0.567969 0.676852 0.0171875 0.1
0 0.648438 0.702778 0.0385417 0.207407
0 0.67526 0.701852 0.0296875 0.194444
2 0.174479 0.624074 0.0677083 0.0666667
0 0.372656 0.713426 0.0432292 0.217593
9 0.826302 0.452778 0.0359375 0.109259
9 0.232812 0.401389 0.053125 0.210185
0 0.4125 0.710185 0.0375 0.209259
2 0.0773437 0.698148 0.154687 0.168519
