7 0.252604 0.602778 0.0552083 0.0796296
26 0.822135 0.824074 0.0276042 0.0703704
2 0.251302 0.601389 0.0515625 0.0731481
24 0.778906 0.709722 0.0473958 0.130556
26 0.716667 0.708333 0.0458333 0.122222
0 0.428646 0.643519 0.0239583 0.118519
0 0.883073 0.633796 0.0161458 0.0638889
9 0.053125 0.273611 0.103125 0.291667
2 0.188542 0.641204 0.0552083 0.0861111
0 0.443229 0.64213 0.0177083 0.108333
9 0.875781 0.422685 0.0442708 0.134259
0 0.6 0.699074 0.0354167 0.153704
0 0.732552 0.771759 0.0765625 0.378704
0 0.788021 0.777778 0.0833333 0.364815
0 0.333073 0.790741 0.0734375 0.405556
0 0.247917 0.809722 0.101042 0.373148
