9 0.489844 0.507407 0.0119792 0.037037
0 0.417188 0.631019 0.01875 0.0935185
10 0.598177 0.664352 0.0119792 0.0675926
0 0.389844 0.627315 0.0161458 0.0953704
9 0.703906 0.548148 0.0151042 0.0555556
2 0.0486979 0.802315 0.0973958 0.373148
0 0.0492188 0.8 0.0984375 0.37963
0 0.503125 0.641667 0.028125 0.125926
3 0.757812 0.700926 0.0645833 0.0833333
0 0.758333 0.665741 0.0385417 0.122222
1 0.757552 0.701852 0.0651042 0.0814815
2 0.241406 0.615741 0.0317708 0.0388889
2 0.180208 0.621759 0.0583333 0.0583333
