9 0.15599 0.308333 0.0421875 0.105556
2 0.255208 0.600926 0.0572917 0.0703704
2 0.190885 0.640741 0.0484375 0.087037
0 0.44349 0.6375 0.0161458 0.106481
0 0.42526 0.640741 0.0234375 0.118519
0 0.882292 0.632407 0.015625 0.0648148
2 0.161458 0.647685 0.101042 0.0898148
9 0.0606771 0.283796 0.105729 0.284259
9 0.874479 0.422685 0.0427083 0.134259
0 0.598177 0.702315 0.0359375 0.152778
0 0.729167 0.77037 0.075 0.368519
0 0.786198 0.77963 0.0796875 0.359259
0 0.253906 0.805556 0.0984375 0.383333
0 0.335417 0.790741 0.0708333 0.4
