0 0.433854 0.64537 0.0135417 0.107407
74 0.0669271 0.177315 0.0619792 0.126852
0 0.442708 0.634259 0.0166667 0.0925926
9 0.453125 0.533333 0.0114583 0.0444444
0 0.421354 0.649074 0.0197917 0.105556
2 0.178906 0.633796 0.0651042 0.075
0 0.636198 0.72037 0.0453125 0.185185
9 0.90651 0.409722 0.0473958 0.141667
2 0.0247396 0.639815 0.0494792 0.0962963
0 0.574219 0.715741 0.0317708 0.187037
0 0.924479 0.797222 0.113542 0.394444
0 0.235417 0.776852 0.1125 0.440741
0 0.841406 0.784259 0.131771 0.422222
0 0.108333 0.796296 0.160417 0.403704
