0 0.639063 0.648611 0.01875 0.0787037
9 0.610156 0.568981 0.0151042 0.0564815
2 0.264062 0.606481 0.0427083 0.062963
0 0.446875 0.637037 0.0197917 0.116667
0 0.726562 0.734722 0.040625 0.260185
0 0.578125 0.683333 0.0364583 0.148148
0 0.692187 0.730093 0.0489583 0.278704
9 0.0799479 0.316667 0.0932292 0.281481
9 0.852865 0.433333 0.0380208 0.125926
2 0.132552 0.657407 0.142188 0.109259
9 0.170052 0.361111 0.0640625 0.222222
0 0.36901 0.762037 0.0619792 0.305556
0 0.316667 0.772222 0.065625 0.32037
