2 0.00963542 0.657407 0.0192708 0.0777778
3 0.746354 0.695833 0.0645833 0.0805556
1 0.746615 0.7 0.0671875 0.0759259
2 0.2375 0.613426 0.03125 0.0361111
0 0.591406 0.663426 0.0130208 0.0694444
0 0.420052 0.623611 0.0192708 0.108333
0 0.389323 0.622685 0.0171875 0.100926
0 0.502083 0.640278 0.0197917 0.126852
9 0.472917 0.481019 0.015625 0.0657407
3 0.183594 0.85463 0.245312 0.272222
9 0.692448 0.550463 0.0140625 0.0527778
0 0.489062 0.64213 0.0260417 0.126852
0 0.748438 0.66713 0.0416667 0.112037
0 0.216146 0.793981 0.0979167 0.325
2 0.168229 0.621759 0.0625 0.062037
