2 0.201823 0.626389 0.0255208 0.0509259
0 0.692448 0.728704 0.0442708 0.240741
9 0.610677 0.569907 0.0130208 0.0490741
0 0.449479 0.633796 0.021875 0.123148
2 0.185937 0.621296 0.053125 0.0611111
9 0.109635 0.325463 0.0848958 0.289815
0 0.573177 0.681481 0.0328125 0.133333
9 0.188802 0.375926 0.0578125 0.211111
0 0.713021 0.733333 0.0416667 0.253704
9 0.847917 0.440278 0.0375 0.123148
0 0.379167 0.743981 0.0510417 0.275
0 0.327604 0.758333 0.0635417 0.294444
2 0.121354 0.662963 0.154167 0.12037
