9 0.45599 0.530556 0.0109375 0.0314815
0 0.961198 0.614352 0.0359375 0.087963
9 0.615104 0.566667 0.0135417 0.037037
0 0.442969 0.637037 0.0182292 0.1
0 0.55 0.695833 0.0354167 0.158333
2 0.183333 0.640741 0.0895833 0.0833333
9 0.0390625 0.243056 0.078125 0.330556
0 0.425781 0.645833 0.0234375 0.113889
9 0.880208 0.424537 0.040625 0.121296
0 0.608073 0.701852 0.0328125 0.168519
0 0.74401 0.774074 0.0848958 0.394444
0 0.805469 0.775463 0.0776042 0.365741
0 0.319792 0.79213 0.078125 0.415741
0 0.231771 0.805556 0.109375 0.37963
