0 0.0744792 0.559722 0.0270833 0.110185
2 0.283073 0.594444 0.0411458 0.0796296
0 0.64974 0.698148 0.0338542 0.194444
0 0.676562 0.695833 0.03125 0.189815
9 0.817187 0.452315 0.0447917 0.106481
9 0.283854 0.436111 0.03125 0.161111
0 0.377865 0.70463 0.0411458 0.207407
0 0.560156 0.67037 0.0276042 0.105556
9 0.24349 0.402315 0.0557292 0.212037
2 0.165885 0.627315 0.0567708 0.0638889
0 0.415885 0.698611 0.0348958 0.208333
2 0.0731771 0.706944 0.146354 0.178704
0 0.0744792 0.559722 0.0270833 0.110185
2 0.283073 0.594444 0.0411458 0.0796296
0 0.64974 0.698148 0.0338542 0.194444
0 0.676562 0.695833 0.03125 0.189815
9 0.817187 0.452315 0.0447917 0.106481
9 0.283854 0.436111 0.03125 0.161111
0 0.377865 0.70463 0.0411458 0.207407
0 0.560156 0.67037 0.0276042 0.105556
9 0.24349 0.402315 0.0557292 0.212037
2 0.165885 0.627315 0.0567708 0.0638889
0 0.415885 0.698611 0.0348958 0.208333
2 0.0731771 0.706944 0.146354 0.178704
