2 0.275521 0.608333 0.0291667 0.0740741
9 0.319792 0.456481 0.025 0.144444
0 0.665365 0.683796 0.0286458 0.165741
0 0.553906 0.6625 0.0213542 0.100926
0 0.644792 0.689352 0.034375 0.163889
0 0.40026 0.688889 0.0359375 0.194444
0 0.430729 0.684722 0.0291667 0.191667
9 0.80599 0.463426 0.0401042 0.0953704
9 0.285156 0.439352 0.0463542 0.150926
2 0.157031 0.630093 0.0723958 0.0712963
2 0.275521 0.608333 0.0291667 0.0740741
9 0.319792 0.456481 0.025 0.144444
0 0.665365 0.683796 0.0286458 0.165741
0 0.553906 0.6625 0.0213542 0.100926
0 0.644792 0.689352 0.034375 0.163889
0 0.40026 0.688889 0.0359375 0.194444
0 0.430729 0.684722 0.0291667 0.191667
9 0.80599 0.463426 0.0401042 0.0953704
9 0.285156 0.439352 0.0463542 0.150926
2 0.157031 0.630093 0.0723958 0.0712963
