0 0.950781 0.617593 0.0276042 0.0944444
0 0.434115 0.636111 0.0171875 0.124074
9 0.610937 0.566204 0.0114583 0.0509259
2 0.255729 0.600463 0.0479167 0.0731481
0 0.540625 0.677315 0.0260417 0.141667
26 0.738802 0.70463 0.0317708 0.0962963
0 0.444271 0.641667 0.0166667 0.116667
9 0.0354167 0.221296 0.0708333 0.42037
0 0.710417 0.743056 0.065625 0.30463
0 0.591927 0.688889 0.0296875 0.140741
0 0.751302 0.743056 0.0682292 0.29537
9 0.858333 0.432407 0.0416667 0.12037
9 0.12526 0.330556 0.0796875 0.248148
0 0.356771 0.77963 0.0645833 0.338889
0 0.291406 0.773148 0.0734375 0.333333
2 0.133594 0.653241 0.0921875 0.100926
