9 0.609635 0.56713 0.0130208 0.0472222
9 0.834115 0.449537 0.0348958 0.112037
0 0.847656 0.633333 0.0161458 0.062963
0 0.652083 0.7125 0.0385417 0.193519
2 0.173958 0.623148 0.04375 0.0611111
0 0.354167 0.725 0.0583333 0.242593
0 0.532552 0.665741 0.0223958 0.109259
9 0.189063 0.376852 0.0635417 0.237037
9 0.242708 0.410185 0.0395833 0.181481
0 0.401042 0.708796 0.0416667 0.263889
0 0.686719 0.717593 0.0432292 0.216667
0 0.566667 0.671759 0.028125 0.123148
2 0.0893229 0.678704 0.177604 0.144444
