0 0.840885 0.631481 0.0151042 0.0648148
2 0.273698 0.598148 0.0453125 0.0925926
9 0.272396 0.428241 0.0333333 0.169444
0 0.565104 0.674074 0.0260417 0.105556
0 0.653125 0.695833 0.034375 0.210185
9 0.823698 0.45 0.0380208 0.112963
0 0.67526 0.699074 0.0296875 0.188889
2 0.173698 0.624537 0.0692708 0.0657407
0 0.36875 0.707407 0.046875 0.205556
9 0.226823 0.39213 0.0505208 0.228704
0 0.410156 0.701389 0.0380208 0.221296
2 0.0791667 0.699074 0.158333 0.164815
0 0.840885 0.631481 0.0151042 0.0648148
2 0.273698 0.598148 0.0453125 0.0925926
9 0.272396 0.428241 0.0333333 0.169444
0 0.565104 0.674074 0.0260417 0.105556
0 0.653125 0.695833 0.034375 0.210185
9 0.823698 0.45 0.0380208 0.112963
0 0.67526 0.699074 0.0296875 0.188889
2 0.173698 0.624537 0.0692708 0.0657407
0 0.36875 0.707407 0.046875 0.205556
9 0.226823 0.39213 0.0505208 0.228704
0 0.410156 0.701389 0.0380208 0.221296
2 0.0791667 0.699074 0.158333 0.164815
