10 0.565625 0.916667 0.0322917 0.155556
0 0.317708 0.600926 0.0135417 0.0740741
0 0.393229 0.621296 0.0177083 0.0962963
0 0.385938 0.618056 0.0197917 0.102778
0 0.488802 0.677778 0.0348958 0.137037
0 0.378906 0.623148 0.0119792 0.0907407
0 0.683594 0.659722 0.0286458 0.106481
3 0.480729 0.713889 0.053125 0.109259
9 0.640365 0.556944 0.0119792 0.0453704
0 0.771354 0.809259 0.0697917 0.337037
0 0.433594 0.640278 0.0213542 0.112037
2 0.0953125 0.625926 0.071875 0.0759259
2 0.202344 0.621296 0.0421875 0.0518519
0 0.928906 0.802315 0.104687 0.378704
