2 0.191146 0.630093 0.0302083 0.0546296
0 0.665365 0.693519 0.0286458 0.166667
0 0.646094 0.69537 0.0338542 0.177778
0 0.55599 0.662037 0.0213542 0.1
0 0.394792 0.690741 0.040625 0.209259
9 0.813281 0.459722 0.0390625 0.10463
9 0.271354 0.426852 0.0447917 0.196296
0 0.426042 0.693056 0.0333333 0.199074
2 0.0807292 0.70787 0.0708333 0.136111
2 0.157813 0.628241 0.0604167 0.0712963
2 0.191146 0.630093 0.0302083 0.0546296
0 0.665365 0.693519 0.0286458 0.166667
0 0.646094 0.69537 0.0338542 0.177778
0 0.55599 0.662037 0.0213542 0.1
0 0.394792 0.690741 0.040625 0.209259
9 0.813281 0.459722 0.0390625 0.10463
9 0.271354 0.426852 0.0447917 0.196296
0 0.426042 0.693056 0.0333333 0.199074
2 0.0807292 0.70787 0.0708333 0.136111
2 0.157813 0.628241 0.0604167 0.0712963
