9 0.609115 0.56713 0.0109375 0.0435185
2 0.277083 0.598148 0.04375 0.087037
9 0.276302 0.428241 0.0338542 0.167593
2 0.194792 0.621759 0.0291667 0.062037
0 0.5625 0.672685 0.0291667 0.10463
0 0.650781 0.709259 0.0317708 0.188889
9 0.823698 0.452778 0.0348958 0.109259
0 0.675 0.702315 0.03125 0.19537
0 0.370573 0.714352 0.0453125 0.212037
9 0.230729 0.396759 0.0479167 0.219444
2 0.170052 0.625926 0.0619792 0.0666667
0 0.413021 0.706944 0.0354167 0.210185
2 0.0773437 0.7 0.154687 0.162963
9 0.609115 0.56713 0.0109375 0.0435185
2 0.277083 0.598148 0.04375 0.087037
9 0.276302 0.428241 0.0338542 0.167593
2 0.194792 0.621759 0.0291667 0.062037
0 0.5625 0.672685 0.0291667 0.10463
0 0.650781 0.709259 0.0317708 0.188889
9 0.823698 0.452778 0.0348958 0.109259
0 0.675 0.702315 0.03125 0.19537
0 0.370573 0.714352 0.0453125 0.212037
9 0.230729 0.396759 0.0479167 0.219444
2 0.170052 0.625926 0.0619792 0.0666667
0 0.413021 0.706944 0.0354167 0.210185
2 0.0773437 0.7 0.154687 0.162963
