2 0.264062 0.596759 0.0427083 0.0768519
2 0.163802 0.653241 0.0765625 0.087963
0 0.536979 0.65787 0.0208333 0.0805556
9 0.0796875 0.300463 0.0927083 0.319444
0 0.683073 0.725 0.0411458 0.266667
9 0.610417 0.569444 0.0135417 0.05
0 0.445573 0.638426 0.0244792 0.119444
0 0.730729 0.728704 0.0427083 0.248148
0 0.702344 0.731019 0.0630208 0.275
2 0.13151 0.658796 0.139062 0.112037
0 0.578125 0.684722 0.0385417 0.137963
9 0.851562 0.441204 0.0375 0.119444
0 0.370052 0.760185 0.0557292 0.301852
9 0.169271 0.360648 0.0625 0.225
0 0.317448 0.7625 0.0640625 0.30463
