9 0.690365 0.548611 0.0140625 0.0435185
3 0.744271 0.686574 0.0572917 0.0972222
2 0.26276 0.62963 0.0359375 0.0296296
2 0.189063 0.623148 0.0270833 0.0537037
0 0.388802 0.632407 0.0151042 0.0796296
0 0.494271 0.646759 0.0239583 0.112037
0 0.252604 0.799074 0.1 0.275926
0 0.482552 0.647222 0.0203125 0.111111
0 0.41901 0.624074 0.0182292 0.105556
0 0.746094 0.668056 0.0328125 0.115741
3 0.221615 0.85787 0.213021 0.269444
2 0.157292 0.624537 0.0489583 0.0564815
2 0.236719 0.616667 0.0348958 0.0444444
