0 0.551562 0.7 0.0375 0.162963
0 0.540365 0.664352 0.0161458 0.0805556
0 0.442708 0.637963 0.01875 0.0981481
9 0.615104 0.568056 0.0125 0.0398148
9 0.455469 0.530093 0.0109375 0.0324074
9 0.882552 0.41713 0.0453125 0.130556
2 0.0117188 0.655093 0.0234375 0.0861111
0 0.425521 0.646296 0.0229167 0.111111
0 0.753125 0.773611 0.0895833 0.413889
2 0.172135 0.641204 0.0932292 0.0787037
0 0.816406 0.785185 0.0786458 0.387037
0 0.611458 0.703704 0.0354167 0.17037
0 0.223698 0.800463 0.113021 0.39537
0 0.314323 0.789815 0.0776042 0.42037
