0 0.636458 0.693981 0.0302083 0.160185
9 0.321094 0.455556 0.0265625 0.148148
0 0.651042 0.688426 0.03125 0.169444
2 0.965885 0.87037 0.0671875 0.251852
0 0.553385 0.6625 0.0223958 0.0990741
0 0.401823 0.693056 0.0338542 0.186111
0 0.432813 0.688426 0.025 0.178704
9 0.80599 0.461111 0.0401042 0.0981481
9 0.289583 0.443056 0.0458333 0.163889
2 0.157552 0.630556 0.0765625 0.0722222
0 0.636458 0.693981 0.0302083 0.160185
9 0.321094 0.455556 0.0265625 0.148148
0 0.651042 0.688426 0.03125 0.169444
2 0.965885 0.87037 0.0671875 0.251852
0 0.553385 0.6625 0.0223958 0.0990741
0 0.401823 0.693056 0.0338542 0.186111
0 0.432813 0.688426 0.025 0.178704
9 0.80599 0.461111 0.0401042 0.0981481
9 0.289583 0.443056 0.0458333 0.163889
2 0.157552 0.630556 0.0765625 0.0722222
