9 0.610156 0.566667 0.0140625 0.0462963
0 0.702083 0.692593 0.03125 0.168519
0 0.852083 0.633796 0.015625 0.0638889
2 0.169531 0.626389 0.0359375 0.0564815
0 0.533073 0.666667 0.0213542 0.105556
0 0.663281 0.711574 0.0505208 0.223148
9 0.177604 0.372685 0.06875 0.237963
0 0.692187 0.718518 0.0385417 0.222222
0 0.567187 0.674074 0.0354167 0.124074
0 0.348437 0.72963 0.05625 0.246296
9 0.235417 0.400926 0.040625 0.183333
0 0.398958 0.711574 0.040625 0.267593
2 0.0908854 0.675926 0.181771 0.142593
