0 0.958854 0.612037 0.0291667 0.0888889
0 0.671615 0.661111 0.0286458 0.0944444
2 0.16849 0.592593 0.0171875 0.0333333
2 0.147917 0.591204 0.0166667 0.0324074
0 0.383073 0.619444 0.0223958 0.1
9 0.631771 0.555093 0.0104167 0.0398148
0 0.310937 0.605556 0.0145833 0.0796296
0 0.423438 0.643056 0.0208333 0.0972222
0 0.442708 0.636111 0.01875 0.103704
0 0.496615 0.670833 0.0296875 0.130556
3 0.489062 0.705093 0.0458333 0.0972222
0 0.729427 0.814352 0.0630208 0.350926
2 0.194531 0.622685 0.0463542 0.0546296
0 0.870573 0.808796 0.116146 0.376852
