0 0.536198 0.656944 0.0182292 0.0768519
2 0.202344 0.628241 0.0255208 0.0527778
0 0.446094 0.637037 0.0223958 0.122222
9 0.610156 0.569444 0.0130208 0.0537037
0 0.682031 0.725 0.0432292 0.27037
9 0.0916667 0.297685 0.0916667 0.319444
0 0.71276 0.733796 0.0578125 0.262037
0 0.577604 0.685185 0.0322917 0.135185
9 0.850781 0.44213 0.0369792 0.125
9 0.175781 0.364815 0.0609375 0.222222
0 0.372656 0.753241 0.0557292 0.291667
0 0.320573 0.762963 0.0661458 0.305556
2 0.129167 0.662037 0.144792 0.118519
