0 0.384896 0.616667 0.01875 0.107407
0 0.389323 0.63287 0.0151042 0.0861111
2 0.177865 0.623148 0.0317708 0.0518519
0 0.491667 0.646759 0.0197917 0.113889
3 0.729688 0.693981 0.0625 0.0861111
0 0.475781 0.644907 0.0203125 0.117593
0 0.345833 0.759259 0.0770833 0.227778
9 0.68151 0.551852 0.0130208 0.0518519
0 0.416146 0.621759 0.0208333 0.108333
3 0.329427 0.819907 0.145313 0.252778
0 0.735677 0.667593 0.0390625 0.118519
2 0.144792 0.625 0.0541667 0.0611111
2 0.232031 0.61713 0.0348958 0.0453704
