9 0.611198 0.567593 0.0130208 0.0481481
0 0.545052 0.658796 0.0192708 0.0861111
2 0.155729 0.640278 0.116667 0.10463
0 0.432292 0.643519 0.0197917 0.112963
0 0.0697917 0.57963 0.0177083 0.103704
0 0.44349 0.641667 0.0192708 0.107407
2 0.253906 0.597222 0.0494792 0.0759259
9 0.863542 0.431019 0.040625 0.115741
0 0.714323 0.747685 0.0619792 0.306481
9 0.10026 0.316204 0.0880208 0.256481
2 0.129948 0.652778 0.0651042 0.0944444
0 0.595052 0.694907 0.0380208 0.156481
0 0.761979 0.768981 0.0854167 0.325
0 0.346615 0.783333 0.0640625 0.364815
0 0.274479 0.787963 0.0875 0.362963
