0 0.9625 0.614815 0.034375 0.0851852
0 0.540104 0.664815 0.0166667 0.0833333
9 0.615104 0.568056 0.0135417 0.0398148
9 0.455729 0.530556 0.0104167 0.0314815
0 0.442969 0.637037 0.0182292 0.0981481
0 0.552344 0.696759 0.0348958 0.158333
2 0.00989583 0.658796 0.0197917 0.0768519
2 0.176302 0.643056 0.0911458 0.0768519
9 0.882292 0.424074 0.040625 0.122222
0 0.42526 0.646759 0.0234375 0.113889
0 0.747656 0.781018 0.0838542 0.39537
0 0.609635 0.701852 0.0338542 0.174074
0 0.811979 0.777778 0.078125 0.366667
0 0.317448 0.790278 0.0796875 0.417593
0 0.227604 0.805556 0.111458 0.388889
