0 0.93151 0.647685 0.0338542 0.150926
2 0.190885 0.628704 0.0307292 0.0555556
0 0.64375 0.697222 0.034375 0.177778
0 0.664583 0.697222 0.0302083 0.17037
0 0.557552 0.663426 0.0223958 0.100926
9 0.817969 0.459722 0.0338542 0.10463
0 0.39375 0.694444 0.04375 0.211111
0 0.42526 0.69213 0.0328125 0.200926
2 0.161458 0.628241 0.0635417 0.0712963
9 0.266927 0.421296 0.0494792 0.196296
2 0.0755208 0.7 0.0895833 0.146296
0 0.93151 0.647685 0.0338542 0.150926
2 0.190885 0.628704 0.0307292 0.0555556
0 0.64375 0.697222 0.034375 0.177778
0 0.664583 0.697222 0.0302083 0.17037
0 0.557552 0.663426 0.0223958 0.100926
9 0.817969 0.459722 0.0338542 0.10463
0 0.39375 0.694444 0.04375 0.211111
0 0.42526 0.69213 0.0328125 0.200926
2 0.161458 0.628241 0.0635417 0.0712963
9 0.266927 0.421296 0.0494792 0.196296
2 0.0755208 0.7 0.0895833 0.146296
