9 0.18151 0.0800926 0.0515625 0.152778
9 0.316667 0.454167 0.025 0.143519
2 0.0875 0.718518 0.0229167 0.0925926
0 0.555469 0.663426 0.0213542 0.100926
0 0.665365 0.691204 0.0265625 0.160185
0 0.645312 0.694444 0.0322917 0.172222
9 0.808854 0.463889 0.0364583 0.0981481
0 0.401563 0.693519 0.040625 0.187037
0 0.429688 0.684722 0.0302083 0.193519
9 0.283594 0.435185 0.0442708 0.183333
2 0.155208 0.627778 0.065625 0.0740741
9 0.18151 0.0800926 0.0515625 0.152778
9 0.316667 0.454167 0.025 0.143519
2 0.0875 0.718518 0.0229167 0.0925926
0 0.555469 0.663426 0.0213542 0.100926
0 0.665365 0.691204 0.0265625 0.160185
0 0.645312 0.694444 0.0322917 0.172222
9 0.808854 0.463889 0.0364583 0.0981481
0 0.401563 0.693519 0.040625 0.187037
0 0.429688 0.684722 0.0302083 0.193519
9 0.283594 0.435185 0.0442708 0.183333
2 0.155208 0.627778 0.065625 0.0740741
