2 0.296875 0.626852 0.0291667 0.0259259
0 0.742448 0.674537 0.0494792 0.117593
0 0.38776 0.63287 0.0151042 0.0824074
2 0.356771 0.742593 0.0625 0.1
9 0.686719 0.547685 0.0161458 0.0509259
0 0.29401 0.766204 0.0744792 0.247222
2 0.320312 0.709722 0.138542 0.160185
3 0.738542 0.683333 0.059375 0.1
0 0.495573 0.647685 0.0182292 0.110185
3 0.260417 0.851389 0.189583 0.284259
0 0.418229 0.621296 0.0197917 0.109259
2 0.157813 0.623148 0.0604167 0.0611111
0 0.480208 0.646759 0.0197917 0.113889
2 0.234896 0.617593 0.0333333 0.0407407
