30 0.288021 0.950463 0.166667 0.0972222
26 0.746875 0.719907 0.0333333 0.0731481
0 0.542969 0.665278 0.0203125 0.0972222
9 0.611719 0.566667 0.0109375 0.0518519
0 0.44375 0.640278 0.01875 0.113889
0 0.433854 0.642593 0.01875 0.111111
0 0.710677 0.754167 0.0619792 0.315741
9 0.86276 0.432407 0.0421875 0.116667
0 0.595312 0.69213 0.0322917 0.14537
0 0.76276 0.760648 0.0755208 0.310185
9 0.108073 0.321759 0.0859375 0.25463
2 0.13099 0.653704 0.0734375 0.0944444
0 0.279167 0.779167 0.08125 0.343519
0 0.351823 0.780093 0.0651042 0.352778
