0 0.539583 0.658333 0.0302083 0.0907407
0 0.433073 0.641667 0.0161458 0.0981481
2 0.228906 0.59213 0.0328125 0.0583333
2 0.147135 0.589815 0.0255208 0.0314815
9 0.619271 0.55787 0.0114583 0.0398148
0 0.390104 0.621759 0.01875 0.0898148
0 0.416927 0.646296 0.0213542 0.105556
9 0.933333 0.399537 0.05 0.160185
0 0.607031 0.741204 0.0411458 0.213889
0 0.686979 0.751389 0.05625 0.236111
2 0.0359375 0.634722 0.071875 0.0953704
2 0.188542 0.626852 0.0625 0.0703704
0 0.945833 0.778704 0.108333 0.427778
