0 0.385417 0.618056 0.0177083 0.100926
0 0.345833 0.605556 0.015625 0.0759259
3 0.729427 0.693056 0.0609375 0.0861111
2 0.177083 0.624074 0.0302083 0.05
0 0.474479 0.64213 0.0177083 0.117593
0 0.490365 0.643981 0.0203125 0.115741
10 0.914583 0.942593 0.0447917 0.109259
0 0.732813 0.667593 0.0354167 0.114815
0 0.363281 0.746296 0.0692708 0.22963
9 0.680469 0.547685 0.0130208 0.0472222
0 0.415885 0.623148 0.0203125 0.103704
2 0.141406 0.629167 0.0505208 0.0509259
2 0.232292 0.618056 0.034375 0.0453704
3 0.339583 0.834259 0.139583 0.194444
