0 0.895312 0.620833 0.0177083 0.0898148
2 0.189323 0.619444 0.0473958 0.062963
0 0.858073 0.63287 0.0151042 0.0657407
9 0.610677 0.569444 0.0140625 0.0481481
2 0.202344 0.619907 0.0234375 0.0657407
0 0.450521 0.632407 0.0208333 0.12037
0 0.67526 0.714815 0.0421875 0.235185
0 0.571615 0.680556 0.0348958 0.131481
9 0.846615 0.444907 0.0359375 0.113889
0 0.709375 0.730093 0.0354167 0.24537
9 0.125781 0.327315 0.0765625 0.297222
9 0.198958 0.382407 0.053125 0.209259
0 0.384896 0.727778 0.0458333 0.290741
0 0.332292 0.753241 0.0677083 0.289815
2 0.115365 0.664815 0.161979 0.122222
