0 0.410677 0.618519 0.0171875 0.0962963
9 0.615885 0.566667 0.0119792 0.0351852
0 0.557813 0.699537 0.0354167 0.171296
0 0.565625 0.665741 0.01875 0.0833333
9 0.455469 0.528704 0.0109375 0.0296296
9 0.886979 0.419444 0.0479167 0.127778
0 0.426042 0.645833 0.0229167 0.113889
2 0.0143229 0.634259 0.0286458 0.122222
0 0.840365 0.787037 0.101562 0.390741
0 0.614583 0.7125 0.0416667 0.171296
2 0.166927 0.639352 0.0755208 0.0787037
0 0.764323 0.781944 0.101562 0.425
0 0.30599 0.789815 0.0828125 0.42037
0 0.21276 0.798611 0.114063 0.391667
