9 0.611198 0.568056 0.0130208 0.0490741
2 0.252865 0.594444 0.0536458 0.0814815
0 0.442969 0.644907 0.0192708 0.10463
0 0.430208 0.646296 0.0208333 0.109259
2 0.128906 0.653704 0.0546875 0.0907407
9 0.0895833 0.308333 0.0927083 0.268519
0 0.71901 0.749074 0.0671875 0.312963
9 0.865365 0.42963 0.0401042 0.118519
0 0.595833 0.697222 0.0385417 0.15
0 0.769531 0.766204 0.0744792 0.326852
2 0.15651 0.646296 0.110937 0.103704
0 0.344271 0.778704 0.0677083 0.372222
0 0.268229 0.797685 0.0895833 0.376852
