2 0.191406 0.628241 0.0317708 0.0583333
0 0.642969 0.698611 0.0401042 0.182407
0 0.666927 0.696296 0.0328125 0.174074
9 0.81875 0.459722 0.0291667 0.100926
0 0.559896 0.665741 0.0239583 0.103704
0 0.389323 0.694444 0.0421875 0.2
2 0.157292 0.627778 0.0552083 0.0685185
0 0.423177 0.694907 0.0328125 0.199074
2 0.0747396 0.700463 0.102604 0.152778
9 0.264844 0.420833 0.0526042 0.202778
2 0.191406 0.628241 0.0317708 0.0583333
0 0.642969 0.698611 0.0401042 0.182407
0 0.666927 0.696296 0.0328125 0.174074
9 0.81875 0.459722 0.0291667 0.100926
0 0.559896 0.665741 0.0239583 0.103704
0 0.389323 0.694444 0.0421875 0.2
2 0.157292 0.627778 0.0552083 0.0685185
0 0.423177 0.694907 0.0328125 0.199074
2 0.0747396 0.700463 0.102604 0.152778
9 0.264844 0.420833 0.0526042 0.202778
