0 0.854688 0.632407 0.0145833 0.0648148
2 0.184115 0.625463 0.0578125 0.0657407
0 0.45625 0.625463 0.0166667 0.110185
0 0.533854 0.649537 0.0260417 0.0898148
0 0.676302 0.715278 0.0546875 0.239815
0 0.704427 0.725926 0.0390625 0.233333
0 0.568229 0.678241 0.040625 0.136111
9 0.215625 0.390278 0.0489583 0.199074
9 0.841406 0.445833 0.0369792 0.115741
9 0.146615 0.358333 0.0682292 0.248148
0 0.341146 0.736574 0.05625 0.267593
0 0.390104 0.718982 0.04375 0.273148
2 0.0947917 0.67037 0.160417 0.131481
