2 0.18099 0.623148 0.0317708 0.0537037
0 0.386198 0.618981 0.0171875 0.106481
0 0.584635 0.661111 0.0151042 0.0740741
0 0.736979 0.667593 0.0385417 0.116667
3 0.736458 0.693981 0.0604167 0.0768519
0 0.323177 0.769907 0.0713542 0.24537
2 0.36875 0.706481 0.0802083 0.142593
0 0.49401 0.644907 0.0171875 0.113889
9 0.683594 0.551852 0.0140625 0.0537037
0 0.479167 0.644907 0.0208333 0.115741
2 0.152344 0.624074 0.0598958 0.0592593
0 0.416667 0.62037 0.0208333 0.109259
2 0.233333 0.618519 0.0322917 0.0388889
3 0.298958 0.859259 0.1625 0.22963
