0 0.384375 0.618981 0.01875 0.100926
2 0.225781 0.594907 0.0244792 0.0453704
0 0.480729 0.666667 0.0458333 0.17037
0 0.392188 0.619444 0.0197917 0.101852
0 0.6875 0.665278 0.0364583 0.106481
10 0.56875 0.919907 0.034375 0.152778
0 0.319271 0.605093 0.0145833 0.0768519
0 0.378906 0.622685 0.0130208 0.0935185
3 0.479167 0.712963 0.0541667 0.116667
0 0.781771 0.768981 0.0739583 0.24537
0 0.435417 0.640741 0.0229167 0.114815
2 0.0859375 0.623148 0.0958333 0.0796296
2 0.204427 0.622222 0.0432292 0.05
0 0.946615 0.805556 0.105729 0.377778
