0 0.635938 0.694907 0.0302083 0.156481
9 0.321354 0.45463 0.0260417 0.148148
0 0.553906 0.663426 0.0213542 0.0972222
2 0.968229 0.869444 0.0625 0.25
0 0.651823 0.688889 0.0317708 0.168519
0 0.401563 0.692593 0.0333333 0.187037
0 0.432552 0.688889 0.0255208 0.17963
9 0.80599 0.461574 0.0390625 0.0972222
9 0.2875 0.442593 0.04375 0.15
2 0.157813 0.630093 0.0770833 0.0712963
0 0.635938 0.694907 0.0302083 0.156481
9 0.321354 0.45463 0.0260417 0.148148
0 0.553906 0.663426 0.0213542 0.0972222
2 0.968229 0.869444 0.0625 0.25
0 0.651823 0.688889 0.0317708 0.168519
0 0.401563 0.692593 0.0333333 0.187037
0 0.432552 0.688889 0.0255208 0.17963
9 0.80599 0.461574 0.0390625 0.0972222
9 0.2875 0.442593 0.04375 0.15
2 0.157813 0.630093 0.0770833 0.0712963
