2 0.146615 0.589815 0.0234375 0.0296296
0 0.391667 0.627315 0.0145833 0.075
9 0.618229 0.556944 0.0114583 0.0361111
2 0.235938 0.595833 0.0395833 0.0675926
0 0.980729 0.726389 0.0385417 0.280556
2 0.0247396 0.636574 0.0494792 0.0935185
0 0.417708 0.648148 0.0208333 0.107407
2 0.186719 0.631019 0.0671875 0.0675926
0 0.591406 0.728241 0.0453125 0.202778
0 0.669792 0.743981 0.0635417 0.226852
9 0.922135 0.398611 0.0505208 0.149074
0 0.0929687 0.772222 0.182812 0.438889
0 0.917188 0.775463 0.163542 0.432407
