0 0.503385 0.638889 0.0223958 0.131481
3 0.750781 0.688889 0.0619792 0.103704
0 0.420052 0.620833 0.0161458 0.112037
0 0.592969 0.660185 0.0140625 0.0740741
0 0.38776 0.616204 0.0161458 0.108333
9 0.693229 0.551852 0.0177083 0.0574074
0 0.751042 0.668519 0.0354167 0.116667
3 0.157552 0.871759 0.238021 0.243519
0 0.492188 0.640278 0.0291667 0.134259
2 0.0130208 0.657407 0.0260417 0.0777778
0 0.180208 0.8125 0.136458 0.343519
2 0.169531 0.623611 0.0588542 0.0583333
2 0.238281 0.614352 0.0328125 0.037963
