0 0.442708 0.633796 0.01875 0.0935185
0 0.409375 0.619444 0.0177083 0.0981481
2 0.250521 0.592593 0.0427083 0.0740741
9 0.454948 0.529167 0.0109375 0.0305556
9 0.615625 0.568519 0.0125 0.0407407
0 0.425521 0.645833 0.021875 0.112037
0 0.560156 0.703704 0.0317708 0.168519
9 0.888021 0.418981 0.0447917 0.126852
2 0.015625 0.653241 0.03125 0.0805556
0 0.616667 0.7125 0.0447917 0.165741
0 0.833594 0.792593 0.0755208 0.396296
2 0.166406 0.638889 0.0692708 0.0814815
0 0.773698 0.781018 0.103646 0.425
0 0.20599 0.793056 0.118229 0.39537
0 0.302344 0.793056 0.0838542 0.413889
