9 0.252344 0.414815 0.0359375 0.17963
9 0.822396 0.449074 0.0520833 0.111111
0 0.460417 0.634722 0.021875 0.106481
0 0.845573 0.631481 0.0151042 0.0666667
0 0.532031 0.668519 0.0223958 0.112963
0 0.653385 0.704167 0.0390625 0.215741
0 0.683073 0.709722 0.0359375 0.213889
0 0.35599 0.724537 0.0515625 0.234259
2 0.171354 0.626852 0.0416667 0.0592593
0 0.564844 0.671296 0.0265625 0.118519
9 0.202344 0.39537 0.0619792 0.211111
0 0.405208 0.718056 0.040625 0.24537
2 0.0867188 0.683796 0.172396 0.147222
