9 0.609375 0.56713 0.0125 0.0453704
0 0.842969 0.630556 0.0151042 0.062963
2 0.271094 0.587037 0.0369792 0.0925926
5 0.376563 0.576852 0.0895833 0.114815
0 0.461458 0.635185 0.021875 0.105556
9 0.264583 0.422685 0.0354167 0.169444
9 0.820573 0.449537 0.0505208 0.113889
0 0.565104 0.673148 0.0270833 0.111111
0 0.53125 0.67037 0.021875 0.111111
0 0.365625 0.714815 0.0510417 0.214815
0 0.653125 0.697685 0.0364583 0.206481
0 0.678385 0.704167 0.0338542 0.19537
2 0.176823 0.625 0.0640625 0.0648148
9 0.217708 0.387037 0.0541667 0.231481
0 0.407813 0.697222 0.040625 0.235185
2 0.0822917 0.691667 0.164583 0.157407
9 0.609375 0.56713 0.0125 0.0453704
0 0.842969 0.630556 0.0151042 0.062963
2 0.271094 0.587037 0.0369792 0.0925926
5 0.376563 0.576852 0.0895833 0.114815
0 0.461458 0.635185 0.021875 0.105556
9 0.264583 0.422685 0.0354167 0.169444
9 0.820573 0.449537 0.0505208 0.113889
0 0.565104 0.673148 0.0270833 0.111111
0 0.53125 0.67037 0.021875 0.111111
0 0.365625 0.714815 0.0510417 0.214815
0 0.653125 0.697685 0.0364583 0.206481
0 0.678385 0.704167 0.0338542 0.19537
2 0.176823 0.625 0.0640625 0.0648148
9 0.217708 0.387037 0.0541667 0.231481
0 0.407813 0.697222 0.040625 0.235185
2 0.0822917 0.691667 0.164583 0.157407
