9 0.608854 0.569444 0.0114583 0.0444444
0 0.669792 0.693519 0.028125 0.183333
2 0.286458 0.596759 0.0395833 0.0824074
0 0.559896 0.670833 0.025 0.10463
0 0.646615 0.700463 0.0348958 0.189815
9 0.819271 0.455556 0.0385417 0.103704
9 0.245312 0.41713 0.0520833 0.182407
0 0.379687 0.705556 0.0385417 0.209259
2 0.164323 0.626389 0.0578125 0.0657407
0 0.416927 0.698611 0.0317708 0.197222
2 0.0716146 0.709722 0.143229 0.182407
9 0.608854 0.569444 0.0114583 0.0444444
0 0.669792 0.693519 0.028125 0.183333
2 0.286458 0.596759 0.0395833 0.0824074
0 0.559896 0.670833 0.025 0.10463
0 0.646615 0.700463 0.0348958 0.189815
9 0.819271 0.455556 0.0385417 0.103704
9 0.245312 0.41713 0.0520833 0.182407
0 0.379687 0.705556 0.0385417 0.209259
2 0.164323 0.626389 0.0578125 0.0657407
0 0.416927 0.698611 0.0317708 0.197222
2 0.0716146 0.709722 0.143229 0.182407
