0 0.442708 0.634259 0.01875 0.0944444
0 0.409375 0.619444 0.0177083 0.0981481
2 0.250521 0.593056 0.04375 0.0731481
9 0.454688 0.529167 0.0114583 0.0305556
9 0.615625 0.568519 0.0125 0.0407407
0 0.425521 0.645833 0.021875 0.112037
0 0.560156 0.703704 0.0317708 0.168519
9 0.888021 0.418519 0.0447917 0.127778
2 0.015625 0.653241 0.03125 0.0805556
0 0.616667 0.712963 0.0447917 0.164815
0 0.833594 0.79213 0.0755208 0.397222
2 0.166406 0.638426 0.0692708 0.0824074
0 0.773438 0.781482 0.103125 0.424074
0 0.20599 0.793056 0.118229 0.39537
0 0.302344 0.793056 0.0838542 0.413889
