0 0.471354 0.680556 0.0395833 0.190741
9 0.660417 0.555093 0.0135417 0.0472222
0 0.56849 0.659259 0.0130208 0.062963
0 0.456771 0.626389 0.021875 0.0842593
3 0.70599 0.678704 0.0557292 0.0888889
0 0.707812 0.654167 0.0385417 0.134259
0 0.389062 0.630556 0.0135417 0.0759259
0 0.336458 0.605093 0.0166667 0.0805556
2 0.144531 0.625463 0.0390625 0.0583333
3 0.463021 0.724537 0.0770833 0.158333
2 0.103385 0.624537 0.0609375 0.0712963
2 0.222396 0.618981 0.0395833 0.0453704
0 0.883854 0.810185 0.1125 0.366667
