9 0.279687 0.431944 0.0302083 0.165741
0 0.650781 0.698611 0.0328125 0.202778
2 0.279687 0.596296 0.0427083 0.087037
9 0.822917 0.451852 0.0354167 0.111111
0 0.673437 0.696759 0.034375 0.193519
0 0.561719 0.671759 0.0286458 0.106481
9 0.239063 0.4125 0.0520833 0.184259
0 0.37526 0.70787 0.0453125 0.213889
2 0.166927 0.627315 0.0567708 0.0638889
0 0.4125 0.702315 0.0354167 0.217593
2 0.0747396 0.704167 0.149479 0.171296
9 0.279687 0.431944 0.0302083 0.165741
0 0.650781 0.698611 0.0328125 0.202778
2 0.279687 0.596296 0.0427083 0.087037
9 0.822917 0.451852 0.0354167 0.111111
0 0.673437 0.696759 0.034375 0.193519
0 0.561719 0.671759 0.0286458 0.106481
9 0.239063 0.4125 0.0520833 0.184259
0 0.37526 0.70787 0.0453125 0.213889
2 0.166927 0.627315 0.0567708 0.0638889
0 0.4125 0.702315 0.0354167 0.217593
2 0.0747396 0.704167 0.149479 0.171296
