0 0.471615 0.632407 0.0192708 0.118519
0 0.665365 0.689815 0.0265625 0.155556
2 0.0841146 0.721759 0.0369792 0.10463
9 0.811719 0.460648 0.0317708 0.102778
0 0.555208 0.663426 0.021875 0.100926
0 0.644271 0.700463 0.0333333 0.165741
0 0.399479 0.691667 0.040625 0.196296
0 0.428906 0.688426 0.0307292 0.191667
2 0.157552 0.628241 0.0671875 0.0731481
9 0.277344 0.425 0.0432292 0.181481
0 0.471615 0.632407 0.0192708 0.118519
0 0.665365 0.689815 0.0265625 0.155556
2 0.0841146 0.721759 0.0369792 0.10463
9 0.811719 0.460648 0.0317708 0.102778
0 0.555208 0.663426 0.021875 0.100926
0 0.644271 0.700463 0.0333333 0.165741
0 0.399479 0.691667 0.040625 0.196296
0 0.428906 0.688426 0.0307292 0.191667
2 0.157552 0.628241 0.0671875 0.0731481
9 0.277344 0.425 0.0432292 0.181481
