2 0.270573 0.59213 0.0442708 0.0953704
0 0.535677 0.655556 0.0192708 0.0814815
0 0.46224 0.633333 0.0203125 0.105556
9 0.26849 0.426389 0.0317708 0.163889
9 0.823958 0.449074 0.0416667 0.114815
0 0.56224 0.672685 0.0286458 0.106481
2 0.172917 0.625926 0.0625 0.0611111
0 0.653906 0.693981 0.0328125 0.208333
0 0.678385 0.702778 0.0338542 0.192593
0 0.366927 0.705556 0.0505208 0.203704
9 0.222917 0.400926 0.05625 0.212963
0 0.408854 0.697685 0.0375 0.237963
2 0.0799479 0.69537 0.159896 0.161111
2 0.270573 0.59213 0.0442708 0.0953704
0 0.535677 0.655556 0.0192708 0.0814815
0 0.46224 0.633333 0.0203125 0.105556
9 0.26849 0.426389 0.0317708 0.163889
9 0.823958 0.449074 0.0416667 0.114815
0 0.56224 0.672685 0.0286458 0.106481
2 0.172917 0.625926 0.0625 0.0611111
0 0.653906 0.693981 0.0328125 0.208333
0 0.678385 0.702778 0.0338542 0.192593
0 0.366927 0.705556 0.0505208 0.203704
9 0.222917 0.400926 0.05625 0.212963
0 0.408854 0.697685 0.0375 0.237963
2 0.0799479 0.69537 0.159896 0.161111
