0 0.953125 0.617593 0.0260417 0.0925926
74 0.241406 0.337963 0.0338542 0.0703704
26 0.741406 0.713426 0.0338542 0.0805556
9 0.611198 0.566667 0.0109375 0.0518519
0 0.541667 0.678241 0.0270833 0.141667
0 0.444531 0.639815 0.0171875 0.114815
2 0.255469 0.600926 0.0463542 0.0722222
0 0.433594 0.637037 0.0182292 0.122222
0 0.594792 0.690741 0.028125 0.138889
9 0.859635 0.431481 0.0432292 0.118519
0 0.708333 0.748148 0.0604167 0.312963
0 0.755208 0.743981 0.06875 0.29537
9 0.116667 0.323611 0.0833333 0.252778
0 0.284896 0.780093 0.078125 0.349074
2 0.133073 0.653241 0.0828125 0.0990741
0 0.353646 0.781018 0.0645833 0.34537
