0 0.889844 0.637963 0.0171875 0.0666667
0 0.411198 0.62037 0.0171875 0.101852
0 0.540885 0.666204 0.0171875 0.0842593
9 0.615365 0.567593 0.0119792 0.037037
0 0.565885 0.668056 0.0182292 0.0842593
9 0.884896 0.415741 0.0458333 0.131481
9 0.455469 0.528241 0.0109375 0.0305556
0 0.426042 0.646296 0.0229167 0.111111
0 0.829948 0.785648 0.0942708 0.386111
2 0.0132813 0.650926 0.0265625 0.087037
0 0.757031 0.775 0.0911458 0.424074
2 0.170833 0.640278 0.0875 0.0787037
0 0.61224 0.709259 0.0380208 0.168519
0 0.216146 0.801389 0.113542 0.387963
0 0.311198 0.790278 0.0807292 0.412037
