0 0.585677 0.6625 0.0140625 0.0712963
2 0.365104 0.7125 0.0708333 0.14537
0 0.739323 0.667593 0.0411458 0.118519
2 0.314844 0.631944 0.0317708 0.0324074
0 0.388542 0.631944 0.0145833 0.0824074
3 0.738021 0.691667 0.0625 0.0814815
9 0.684375 0.551389 0.015625 0.0583333
0 0.494792 0.646759 0.0177083 0.110185
0 0.309115 0.775 0.0776042 0.238889
0 0.479688 0.646296 0.0208333 0.112963
2 0.160677 0.623611 0.0734375 0.0601852
0 0.416927 0.620833 0.0213542 0.110185
3 0.278646 0.85787 0.175 0.262037
2 0.232812 0.618056 0.0333333 0.0398148
