0 0.0625 0.826852 0.123958 0.333333
0 0.433073 0.641667 0.0161458 0.0981481
0 0.391146 0.623148 0.01875 0.0851852
3 0.534896 0.679167 0.034375 0.062037
2 0.147656 0.589352 0.0265625 0.0305556
9 0.61901 0.557407 0.0109375 0.0407407
2 0.232031 0.592593 0.0380208 0.062963
9 0.930729 0.398148 0.05 0.155556
0 0.602083 0.741667 0.040625 0.205556
0 0.416927 0.646759 0.0213542 0.106481
0 0.682031 0.751389 0.0526042 0.230556
2 0.188542 0.628241 0.0635417 0.0694444
2 0.0348958 0.634722 0.0697917 0.0972222
0 0.938281 0.778704 0.122396 0.427778
