0 0.861719 0.631481 0.0161458 0.0666667
0 0.897396 0.619444 0.0197917 0.0888889
2 0.170833 0.655093 0.0604167 0.0935185
2 0.201823 0.628241 0.0234375 0.0509259
2 0.186458 0.621759 0.053125 0.062037
0 0.448438 0.635185 0.0229167 0.125926
9 0.610677 0.57037 0.0140625 0.05
0 0.69401 0.728241 0.0505208 0.258333
9 0.100781 0.320833 0.0890625 0.271296
0 0.577083 0.683796 0.0302083 0.134259
9 0.182292 0.367593 0.0583333 0.218519
0 0.714063 0.734259 0.046875 0.259259
2 0.125781 0.6625 0.150521 0.117593
9 0.84974 0.440278 0.0359375 0.121296
0 0.377604 0.752315 0.0541667 0.286111
0 0.323698 0.763889 0.0640625 0.298148
