0 0.466406 0.631944 0.0192708 0.106481
0 0.39375 0.699074 0.0260417 0.205556
0 0.667708 0.693056 0.0322917 0.180556
0 0.560417 0.669444 0.0239583 0.105556
0 0.379948 0.701852 0.0348958 0.2
0 0.64401 0.698148 0.0463542 0.192593
9 0.821094 0.456944 0.0317708 0.100926
2 0.165365 0.627315 0.0619792 0.0675926
9 0.253125 0.418056 0.0552083 0.184259
0 0.41901 0.69213 0.0338542 0.213889
2 0.0690104 0.711574 0.138021 0.182407
0 0.466406 0.631944 0.0192708 0.106481
0 0.39375 0.699074 0.0260417 0.205556
0 0.667708 0.693056 0.0322917 0.180556
0 0.560417 0.669444 0.0239583 0.105556
0 0.379948 0.701852 0.0348958 0.2
0 0.64401 0.698148 0.0463542 0.192593
9 0.821094 0.456944 0.0317708 0.100926
2 0.165365 0.627315 0.0619792 0.0675926
9 0.253125 0.418056 0.0552083 0.184259
0 0.41901 0.69213 0.0338542 0.213889
2 0.0690104 0.711574 0.138021 0.182407
