9 0.6125 0.566667 0.0104167 0.0518519
0 0.44349 0.641667 0.0203125 0.107407
2 0.194531 0.640278 0.0401042 0.0990741
0 0.879427 0.633796 0.0140625 0.0657407
0 0.547917 0.677315 0.0208333 0.102778
0 0.426302 0.64537 0.0223958 0.112963
2 0.125521 0.649074 0.0364583 0.0888889
9 0.0723958 0.290741 0.0979167 0.27963
2 0.160417 0.644444 0.10625 0.1
9 0.870573 0.428704 0.0380208 0.12037
0 0.725781 0.760648 0.0703125 0.347222
0 0.779688 0.772222 0.0760417 0.342593
0 0.598177 0.701852 0.0390625 0.159259
0 0.3375 0.7875 0.0708333 0.389815
0 0.258333 0.802315 0.0979167 0.380556
