0 0.460677 0.633796 0.0213542 0.108333
2 0.269531 0.577315 0.0338542 0.100926
9 0.822135 0.450463 0.0484375 0.112037
0 0.84375 0.631944 0.015625 0.0657407
0 0.53099 0.670833 0.0213542 0.110185
0 0.653906 0.703241 0.0359375 0.206481
0 0.364062 0.721759 0.053125 0.226852
0 0.678646 0.705093 0.0364583 0.20463
9 0.213281 0.399537 0.0588542 0.208333
0 0.564062 0.672685 0.028125 0.108333
9 0.260417 0.418981 0.0333333 0.167593
2 0.178125 0.625 0.0625 0.0648148
0 0.40625 0.700926 0.0385417 0.246296
2 0.0841146 0.689352 0.168229 0.15463
