0 0.470833 0.632407 0.01875 0.118519
9 0.310677 0.448148 0.0265625 0.135185
0 0.665104 0.692593 0.0270833 0.161111
0 0.55599 0.6625 0.0213542 0.0990741
9 0.814583 0.459259 0.03125 0.107407
0 0.646354 0.69537 0.0354167 0.177778
0 0.396354 0.688426 0.0395833 0.210185
2 0.0820312 0.716667 0.0536458 0.116667
0 0.427604 0.691204 0.03125 0.200926
9 0.273438 0.427778 0.0427083 0.188889
2 0.158333 0.629167 0.0645833 0.0731481
0 0.470833 0.632407 0.01875 0.118519
9 0.310677 0.448148 0.0265625 0.135185
0 0.665104 0.692593 0.0270833 0.161111
0 0.55599 0.6625 0.0213542 0.0990741
9 0.814583 0.459259 0.03125 0.107407
0 0.646354 0.69537 0.0354167 0.177778
0 0.396354 0.688426 0.0395833 0.210185
2 0.0820312 0.716667 0.0536458 0.116667
0 0.427604 0.691204 0.03125 0.200926
9 0.273438 0.427778 0.0427083 0.188889
2 0.158333 0.629167 0.0645833 0.0731481
