0 0.466406 0.630556 0.0203125 0.107407
2 0.191667 0.627778 0.0333333 0.0574074
9 0.295573 0.446296 0.0286458 0.161111
2 0.290104 0.594907 0.03125 0.0842593
0 0.666146 0.69213 0.0322917 0.182407
0 0.560938 0.669907 0.0229167 0.100926
0 0.384896 0.699537 0.0385417 0.193519
0 0.644271 0.697685 0.0447917 0.187963
2 0.159375 0.627778 0.0520833 0.0666667
9 0.820312 0.45787 0.0322917 0.100926
0 0.419271 0.690278 0.0333333 0.217593
9 0.25651 0.410648 0.0515625 0.20463
2 0.0671875 0.712037 0.133333 0.183333
0 0.466406 0.630556 0.0203125 0.107407
2 0.191667 0.627778 0.0333333 0.0574074
9 0.295573 0.446296 0.0286458 0.161111
2 0.290104 0.594907 0.03125 0.0842593
0 0.666146 0.69213 0.0322917 0.182407
0 0.560938 0.669907 0.0229167 0.100926
0 0.384896 0.699537 0.0385417 0.193519
0 0.644271 0.697685 0.0447917 0.187963
2 0.159375 0.627778 0.0520833 0.0666667
9 0.820312 0.45787 0.0322917 0.100926
0 0.419271 0.690278 0.0333333 0.217593
9 0.25651 0.410648 0.0515625 0.20463
2 0.0671875 0.712037 0.133333 0.183333
