9 0.61224 0.56713 0.0109375 0.0527778
0 0.44401 0.639352 0.0192708 0.10463
0 0.545573 0.687963 0.0317708 0.153704
2 0.254948 0.594907 0.0546875 0.0787037
2 0.127344 0.650463 0.0453125 0.0935185
0 0.428906 0.644907 0.0213542 0.113889
9 0.86875 0.429167 0.040625 0.117593
0 0.598177 0.702778 0.0380208 0.157407
0 0.722135 0.768519 0.0682292 0.353704
0 0.77526 0.769907 0.0723958 0.336111
9 0.0799479 0.303241 0.0973958 0.267593
2 0.158073 0.646296 0.106771 0.1
0 0.341406 0.780556 0.0692708 0.381481
0 0.2625 0.803241 0.0916667 0.386111
